1.0351 1
1.03512 2
1.03524 4
1.03535 24
1.03537 25
1.03539 26
1.03541 27
1.03554 28
1.03556 29
1.03558 30
1.03561 31
1.03563 33
1.03565 35
1.03567 36
1.03569 37
1.03575 39
1.03579 41
1.03581 42
1.03584 43
1.03586 44
1.03593 46
1.03596 47
1.03598 48
1.03601 49
1.03605 50
1.03607 51
1.03609 52
1.03611 53
1.03614 54
1.03616 55
1.03618 56
1.03621 57
1.03623 58
1.03625 59
1.03627 60
1.03632 62
1.03635 63
1.03639 64
1.03641 65
1.03644 66
1.03646 67
1.03649 68
1.03653 70
1.03656 71
1.03658 72
1.0366 73
1.03662 74
1.03664 75
1.03666 76
1.0367 79
1.03672 80
1.03674 81
1.03679 83
1.03682 84
1.03684 85
1.03686 86
1.03688 88
1.0369 89
1.03692 90
1.03694 91
1.03696 92
1.03698 94
1.037 96
1.03704 97
1.03706 98
1.03708 99
1.04618 100
1.04623 101
1.04625 102
1.04628 103
1.04645 104
1.04647 105
1.04649 106
1.04656 109
1.04658 110
1.0466 111
1.04664 114
1.04667 115
1.04669 116
1.04672 117
1.04674 118
1.04676 120
1.04681 122
1.04683 123
1.04685 124
1.04688 125
1.04691 127
1.04693 128
1.04695 129
1.04699 131
1.04701 132
1.04703 133
1.04705 134
1.04708 137
1.0471 138
1.04712 140
1.04714 141
1.04718 142
1.0472 143
1.04722 145
1.04724 146
1.04726 147
1.04728 148
1.0473 149
1.04734 150
1.04736 151
1.04738 152
1.04741 154
1.04743 155
1.04745 156
1.04747 157
1.04749 158
1.04752 159
1.04755 160
1.04758 162
1.0476 163
1.04762 164
1.04764 165
1.04766 166
1.04768 167
1.0477 168
1.04773 169
1.04777 170
1.04782 172
1.04785 173
1.04787 174
1.04789 175
1.04791 176
1.04793 177
1.04795 178
1.04797 179
1.048 181
1.04804 184
1.04806 185
1.04809 186
1.04811 187
1.04818 190
1.04821 191
1.04823 192
1.04825 193
1.04827 194
1.0483 195
1.04832 196
1.04836 199
1.05729 200
1.05731 201
1.05733 202
1.05735 203
1.05737 205
1.05739 206
1.05741 207
1.05743 208
1.05745 209
1.05748 210
1.0575 211
1.05752 212
1.05757 214
1.05759 215
1.05761 216
1.05763 217
1.05765 218
1.05767 219
1.05769 220
1.05771 221
1.05774 224
1.05776 225
1.05778 226
1.0578 227
1.05784 229
1.05787 230
1.05789 231
1.05794 233
1.05797 234
1.05799 235
1.05801 236
1.05803 237
1.05805 238
1.05807 239
1.05811 240
1.05813 241
1.05815 242
1.05818 243
1.0582 244
1.05823 246
1.05825 247
1.05827 249
1.05829 250
1.05832 252
1.05834 253
1.05836 254
1.05839 255
1.05841 256
1.05843 257
1.05845 258
1.05847 259
1.05849 260
1.05851 261
1.05854 263
1.05857 264
1.05859 265
1.05861 266
1.05863 268
1.05867 269
1.05869 270
1.05871 271
1.05873 272
1.05876 273
1.05878 274
1.0588 275
1.05884 276
1.05886 278
1.05888 279
1.05892 281
1.05894 282
1.05896 284
1.05901 286
1.05903 287
1.05906 288
1.05908 289
1.0591 290
1.05913 291
1.05916 292
1.05918 293
1.05921 294
1.05923 295
1.05925 296
1.05929 298
1.05931 299
1.0684 300
1.06849 303
1.06862 305
1.06866 306
1.06868 307
1.0687 308
1.06872 309
1.06875 310
1.06877 311
1.06885 312
1.06889 313
1.06893 314
1.06895 315
1.06897 316
1.06899 317
1.06901 318
1.06903 319
1.06905 320
1.06908 321
1.0691 322
1.06912 323
1.06914 324
1.06916 325
1.06919 326
1.06921 327
1.06923 328
1.06925 329
1.06928 330
1.0693 331
1.06933 332
1.06936 333
1.06941 335
1.06944 336
1.06946 337
1.06948 338
1.0695 339
1.06953 340
1.06955 341
1.06957 342
1.0696 343
1.06962 344
1.06964 345
1.06966 346
1.06969 347
1.06971 348
1.06973 350
1.06975 352
1.06977 353
1.06981 354
1.06983 356
1.06986 357
1.06988 358
1.06991 359
1.06993 360
1.06995 361
1.06997 363
1.06999 364
1.07007 367
1.07009 368
1.07015 370
1.07017 372
1.07022 374
1.07024 375
1.07027 376
1.07032 378
1.07034 380
1.07037 381
1.07039 383
1.07041 384
1.07043 385
1.07045 386
1.07047 387
1.0705 388
1.07053 389
1.07058 391
1.07062 392
1.07064 393
1.07069 395
1.07073 398
1.07952 401
1.07957 403
1.07964 404
1.07969 405
1.07973 408
1.07979 409
1.07984 410
1.07988 412
1.0799 413
1.07992 414
1.07994 415
1.07996 416
1.08027 417
1.08032 419
1.08037 420
1.08041 421
1.08046 422
1.08051 424
1.08053 425
1.08056 426
1.08058 427
1.08061 428
1.08064 429
1.08066 431
1.08068 432
1.0807 433
1.08072 434
1.08075 435
1.08077 436
1.08079 438
1.08081 439
1.08083 440
1.08085 441
1.08091 444
1.08094 445
1.08096 448
1.08098 449
1.08104 450
1.08107 451
1.08112 453
1.08114 454
1.08117 455
1.08118 456
1.0812 457
1.08123 458
1.08125 460
1.08127 461
1.08129 462
1.08132 463
1.08134 464
1.08136 465
1.08138 467
1.0814 468
1.08142 469
1.08144 470
1.08146 471
1.08149 473
1.0815 474
1.08153 475
1.08155 476
1.08157 477
1.08159 478
1.08161 479
1.08163 482
1.08166 483
1.0817 485
1.08172 486
1.08174 487
1.08176 488
1.08179 489
1.08182 490
1.08184 491
1.08186 492
1.08188 493
1.0819 494
1.08192 495
1.08195 497
1.08197 498
1.08199 499
1.09063 0
1.09068 3
1.09073 5
1.09075 7
1.09088 9
1.09091 11
1.09093 12
1.09095 14
1.091 16
1.09102 17
1.09105 18
1.09107 19
1.09111 21
1.09113 22
1.09115 23
1.09117 38
1.09119 40
1.09121 45
1.09126 78
1.0913 87
1.09132 93
1.09134 95
1.09136 500
1.09138 501
1.09141 502
1.09143 503
1.09145 504
1.09147 505
1.09149 506
1.09151 507
1.09158 510
1.0916 511
1.09162 512
1.09165 513
1.09167 514
1.09169 516
1.09171 517
1.09173 518
1.09175 519
1.0919 520
1.09192 521
1.09195 522
1.0928 523
1.09282 524
1.09285 525
1.09287 526
1.09303 527
1.09309 529
1.09311 532
1.09316 535
1.09319 536
1.09321 537
1.09324 539
1.09326 540
1.09358 542
1.09363 543
1.09365 544
1.0937 547
1.09372 548
1.09375 550
1.09378 551
1.0938 553
1.09382 555
1.09384 557
1.09386 558
1.09389 561
1.09391 562
1.09404 563
1.09437 564
1.09441 565
1.10176 3
1.1018 6
1.10182 7
1.10184 8
1.10186 9
1.10188 10
1.1019 11
1.10192 13
1.10194 14
1.10196 15
1.10199 16
1.10201 17
1.10203 18
1.10207 21
1.10213 23
1.10217 32
1.10219 34
1.10264 38
1.10273 45
1.10279 61
1.10281 69
1.10283 77
1.10285 78
1.10288 82
1.1029 87
1.10292 93
1.10295 95
1.10296 566
1.10299 567
1.10302 568
1.10304 569
1.10306 571
1.10311 573
1.10313 575
1.10315 576
1.10317 577
1.10319 578
1.10321 579
1.10323 580
1.10325 581
1.10327 583
1.10331 585
1.10333 586
1.10335 587
1.10338 588
1.10345 591
1.10347 592
1.10349 593
1.10352 594
1.10355 595
1.10358 597
1.1036 598
1.10362 599
1.10364 600
1.10366 602
1.10368 603
1.1037 604
1.10373 605
1.10375 608
1.1038 610
1.10382 611
1.10386 613
1.10389 614
1.10391 615
1.10393 616
1.10398 618
1.10401 619
1.10403 620
1.10406 621
1.10408 622
1.1041 623
1.10413 624
1.10415 625
1.10417 626
1.10419 627
1.10421 628
1.10424 629
1.10426 630
1.10429 631
1.11285 0
1.1129 3
1.11296 5
1.11303 7
1.11308 9
1.11316 11
1.11318 12
1.11328 13
1.11335 14
1.1134 16
1.11345 17
1.11347 18
1.11352 19
1.11354 20
1.11356 21
1.11359 22
1.11361 23
1.11363 32
1.11379 40
1.11383 69
1.11386 77
1.11389 78
1.11395 93
1.11397 95
1.114 107
1.11402 112
1.11406 113
1.11408 119
1.1141 121
1.11413 126
1.11417 130
1.11418 135
1.11421 136
1.11424 139
1.11427 144
1.11429 153
1.11431 161
1.11433 171
1.11435 189
1.11439 198
1.11444 633
1.11446 636
1.1145 638
1.11453 639
1.11456 640
1.11458 642
1.1146 643
1.11462 644
1.11464 645
1.11467 646
1.11469 647
1.11472 648
1.11474 649
1.11476 650
1.11478 652
1.11482 655
1.11487 657
1.1149 658
1.11492 659
1.11494 661
1.11496 662
1.11498 663
1.115 664
1.11502 665
1.11509 668
1.11511 669
1.11513 670
1.11516 671
1.11518 672
1.1152 673
1.12396 8
1.12401 10
1.12411 13
1.12421 20
1.12426 32
1.12428 61
1.1243 82
1.12433 107
1.12435 112
1.12452 113
1.12456 130
1.1246 136
1.12465 144
1.12467 153
1.1247 161
1.12472 171
1.12474 180
1.12477 183
1.12479 188
1.12481 189
1.12484 197
1.12486 204
1.12488 222
1.12552 228
1.12564 232
1.12569 248
1.12576 251
1.12577 262
1.12579 277
1.12581 280
1.12584 283
1.12586 285
1.12589 297
1.12591 676
1.12594 677
1.12597 678
1.12599 680
1.12601 681
1.12603 682
1.12606 683
1.1261 685
1.12614 687
1.12616 688
1.12619 689
1.12621 690
1.12623 693
1.12625 696
1.12627 699
1.12629 700
1.12631 701
1.12634 702
1.12637 703
1.12639 704
1.12641 705
1.12644 706
1.12646 707
1.12648 708
1.12651 709
1.12653 710
1.12655 712
1.12657 713
1.1266 714
1.12664 716
1.12666 719
1.12668 720
1.12671 721
1.12674 723
1.12676 725
1.13507 20
1.13512 107
1.13514 108
1.13516 113
1.1353 121
1.13536 126
1.13548 135
1.13554 139
1.13559 144
1.13563 153
1.13568 161
1.13573 171
1.13578 180
1.13584 182
1.13589 183
1.13596 188
1.13601 189
1.13606 197
1.13612 198
1.13619 204
1.13623 213
1.13628 222
1.13635 228
1.13639 232
1.13645 245
1.1365 248
1.13655 251
1.13659 262
1.13664 267
1.13672 277
1.13679 280
1.13688 297
1.13692 301
1.13706 302
1.13711 304
1.1372 334
1.13724 349
1.13733 351
1.13735 355
1.13737 365
1.1374 366
1.13742 369
1.13744 371
1.13765 373
1.13769 377
1.13774 726
1.13779 727
1.13783 728
1.13791 729
1.13798 730
1.13807 731
1.13814 732
1.13822 733
1.13824 734
1.13833 735
1.13838 736
1.13843 737
1.13848 738
1.13855 742
1.13857 743
1.13867 744
1.13869 745
1.13879 747
1.13883 748
1.13888 749
1.13898 751
1.13902 753
1.13908 754
1.13913 757
1.13917 758
1.13925 760
1.13931 761
1.13939 762
1.13941 763
1.13945 765
1.13949 767
1.13952 768
1.13954 769
1.13957 770
1.13959 772
1.14618 107
1.14622 108
1.14627 112
1.14631 113
1.14638 121
1.14643 126
1.14645 135
1.14648 144
1.1465 153
1.14652 161
1.14654 171
1.14656 180
1.1466 183
1.14662 188
1.14664 189
1.14666 197
1.14668 198
1.1467 204
1.14674 222
1.14677 223
1.14682 248
1.14684 251
1.14689 267
1.14692 277
1.14697 283
1.14699 285
1.14701 297
1.14705 302
1.14708 304
1.14766 334
1.14768 351
1.1477 355
1.14773 362
1.14782 365
1.14784 371
1.14786 373
1.14788 377
1.1479 379
1.14792 382
1.14821 390
1.1483 394
1.14838 396
1.1484 397
1.14844 400
1.14847 402
1.14849 406
1.14851 411
1.14853 430
1.14858 443
1.1486 446
1.14862 447
1.14865 773
1.14867 774
1.14869 775
1.14871 776
1.14873 777
1.14876 778
1.14878 779
1.14882 781
1.14884 782
1.14886 783
1.14889 784
1.14893 785
1.14895 786
1.14897 788
1.149 789
1.14905 791
1.1491 793
1.14912 794
1.14914 796
1.14917 797
1.1492 798
1.14922 799
1.14924 800
1.15729 108
1.15734 182
1.1574 213
1.15742 223
1.15744 245
1.15746 277
1.15749 280
1.15754 285
1.15756 301
1.15761 304
1.15763 334
1.15765 349
1.15767 355
1.15771 365
1.15773 366
1.15778 371
1.15781 377
1.15783 379
1.15786 382
1.15789 390
1.15792 394
1.15868 396
1.15873 399
1.15878 400
1.15882 402
1.15884 407
1.15886 411
1.15889 418
1.15892 423
1.15898 442
1.159 443
1.15902 446
1.15904 447
1.15906 452
1.1591 459
1.15912 466
1.15914 472
1.15919 481
1.15921 484
1.15923 496
1.15926 508
1.15929 509
1.15931 515
1.15933 528
1.15937 530
1.15943 534
1.15946 802
1.15948 803
1.1595 804
1.15952 805
1.15954 806
1.15956 808
1.15959 809
1.15961 810
1.15963 812
1.15967 814
1.15969 816
1.15971 817
1.15974 819
1.15977 820
1.1598 821
1.15983 822
1.15985 823
1.15987 827
1.15989 828
1.15991 830
1.15993 832
1.15996 833
1.15998 834
1.16 835
1.16002 838
1.16005 839
1.1684 223
1.16845 362
1.16847 379
1.16849 390
1.16852 394
1.16854 396
1.16857 399
1.16859 400
1.16862 406
1.16864 411
1.16866 418
1.16868 423
1.16873 437
1.1688 447
1.16882 452
1.16884 459
1.16886 472
1.16888 480
1.16891 481
1.16894 484
1.16896 496
1.16903 528
1.16905 530
1.16907 531
1.1691 533
1.16912 538
1.16915 541
1.16919 546
1.16921 549
1.16924 556
1.16926 559
1.16929 560
1.17011 570
1.17022 572
1.17033 582
1.17037 840
1.17045 842
1.17055 843
1.17062 845
1.17076 846
1.17082 847
1.17094 849
1.17098 850
1.17103 851
1.17108 853
1.17113 854
1.17123 858
1.1713 860
1.17136 861
1.1714 862
1.17145 865
1.17149 866
1.17154 867
1.17156 868
1.17158 869
1.1716 870
1.17165 872
1.17167 873
1.17169 874
1.17171 875
1.17174 876
1.17176 877
1.17178 879
1.17181 880
1.17183 881
1.17185 882
1.17187 883
1.1719 884
1.17192 885
1.17194 886
1.17196 887
1.17954 437
1.17959 442
1.17963 452
1.17968 459
1.17973 466
1.17975 472
1.17983 480
1.17985 481
1.17987 484
1.17989 509
1.17992 515
1.17994 528
1.17996 530
1.17998 531
1.18 538
1.18003 541
1.18005 546
1.18007 549
1.18009 554
1.18012 556
1.18014 559
1.18016 560
1.18019 570
1.18023 574
1.18025 582
1.18027 584
1.18029 589
1.18031 590
1.18033 596
1.18037 606
1.1804 609
1.18042 612
1.18044 617
1.18046 632
1.18049 888
1.18051 889
1.18053 890
1.18056 891
1.18058 892
1.18061 894
1.18063 895
1.18066 896
1.18068 897
1.18073 899
1.18075 900
1.18077 901
1.1808 902
1.18082 903
1.18085 904
1.18087 906
1.18089 907
1.18092 908
1.18095 910
1.18097 911
1.18099 912
1.18101 913
1.18104 914
1.18106 915
1.18109 916
1.18111 917
1.18115 919
1.18117 920
1.1812 921
1.18124 925
1.18127 926
1.18129 927
1.18133 930
1.18138 932
1.18142 934
1.18144 935
1.18146 936
1.18149 937
1.18152 938
1.18154 939
1.19063 437
1.19067 480
1.19072 531
1.19077 533
1.19083 538
1.19087 541
1.19092 545
1.19097 546
1.19102 549
1.19107 554
1.19111 559
1.19116 570
1.19118 572
1.1912 574
1.19122 582
1.19124 584
1.19127 589
1.19129 590
1.19132 596
1.19133 601
1.19136 606
1.19138 607
1.19142 612
1.19145 634
1.19147 635
1.1915 637
1.19152 641
1.19155 651
1.19159 654
1.19165 674
1.19168 675
1.1917 679
1.19172 941
1.19175 942
1.19177 943
1.19179 944
1.19181 945
1.19183 946
1.19185 947
1.19187 948
1.19318 949
1.19323 950
1.19328 951
1.19333 952
1.19338 953
1.19345 954
1.19354 956
1.19358 957
1.19366 958
1.1937 959
1.19374 960
1.19378 961
1.19382 963
1.19387 965
1.19392 966
1.19398 967
1.194 969
1.19402 970
1.19404 971
1.19405 972
1.19408 973
1.1941 975
1.19412 976
1.19414 977
1.19417 978
1.19422 980
1.19423 981
1.19426 982
1.19428 983
1.19431 985
1.19433 986
1.19435 987
1.19437 988
1.19439 989
1.19441 990
1.19443 991
1.19447 994
1.19449 995
1.19452 996
1.19454 997
1.20174 545
1.20181 552
1.20186 554
1.20188 584
1.2019 589
1.20193 590
1.20195 596
1.20216 601
1.20221 606
1.20226 607
1.20231 609
1.20236 612
1.20241 617
1.20243 632
1.20252 634
1.20257 635
1.20259 637
1.20262 641
1.20265 653
1.20268 654
1.2027 656
1.20272 660
1.20277 667
1.20309 674
1.20314 675
1.2032 679
1.20324 684
1.20329 686
1.20337 691
1.20341 694
1.20344 695
1.20355 697
1.2036 698
1.20372 717
1.20376 722
1.20382 724
1.20384 998
1.20386 999
1.20389 1000
1.20391 1001
1.20394 1002
1.20396 1003
1.20398 1004
1.204 1007
1.20402 1008
1.20404 1009
1.20409 1010
1.20412 1012
1.20414 1013
1.20417 1015
1.2042 1017
1.20422 1018
1.20426 1019
1.20542 1021
1.20547 1022
1.20549 1023
1.20553 1027
1.20555 1028
1.20557 1031
1.2056 1032
1.20562 1033
1.20564 1034
1.20566 1035
1.20568 1038
1.20571 1039
1.20573 1042
1.20575 1043
1.20581 1045
1.20584 1046
1.20587 1047
1.20589 1048
1.20592 1050
1.20594 1051
1.20596 1052
1.21285 545
1.21295 552
1.21302 607
1.21311 635
1.21315 637
1.21317 641
1.21319 651
1.21322 653
1.21324 654
1.21327 656
1.21329 666
1.21334 674
1.21336 675
1.21338 684
1.2134 686
1.21345 692
1.21347 694
1.21349 697
1.21351 715
1.21356 722
1.21359 724
1.21362 740
1.21364 741
1.21366 746
1.21371 752
1.21373 755
1.21376 756
1.21378 759
1.2138 764
1.21382 771
1.21386 787
1.21388 790
1.21391 792
1.21393 795
1.21395 1057
1.21397 1058
1.21402 1060
1.21404 1061
1.21407 1062
1.21409 1063
1.21411 1064
1.21413 1065
1.21417 1067
1.21419 1068
1.21422 1069
1.21425 1070
1.21427 1071
1.21432 1073
1.21434 1075
1.21437 1077
1.21438 1078
1.21444 1080
1.21446 1081
1.21449 1082
1.21454 1084
1.21456 1085
1.21458 1086
1.21462 1088
1.21468 1090
1.2147 1091
1.21472 1092
1.21474 1093
1.21476 1095
1.21478 1096
1.2148 1097
1.21483 1098
1.21638 1099
1.21642 1100
1.21649 1101
1.21655 1102
1.21661 1103
1.21666 1104
1.21668 1105
1.22396 653
1.22401 656
1.22412 666
1.22418 667
1.22425 684
1.22433 686
1.22439 691
1.22449 695
1.22454 697
1.22459 698
1.22463 711
1.22469 715
1.22475 717
1.2248 718
1.22486 722
1.22488 724
1.2249 741
1.22496 746
1.22498 750
1.22515 759
1.2252 764
1.22526 766
1.2253 771
1.22535 780
1.2254 787
1.22546 795
1.22548 801
1.2255 807
1.22552 811
1.22555 813
1.22596 815
1.22602 818
1.2261 825
1.22614 829
1.2262 836
1.22628 837
1.22633 844
1.22635 848
1.22637 852
1.2264 855
1.22642 856
1.22644 859
1.22676 863
1.22681 864
1.22685 1107
1.2269 1108
1.22695 1109
1.22702 1110
1.2271 1111
1.22714 1112
1.22719 1113
1.22727 1115
1.22738 1117
1.22743 1118
1.22748 1119
1.22757 1120
1.22761 1121
1.22767 1122
1.22772 1123
1.22774 1124
1.22779 1126
1.22781 1127
1.22783 1128
1.22785 1129
1.22788 1130
1.2279 1131
1.22792 1132
1.22795 1133
1.22798 1134
1.22801 1136
1.22804 1137
1.22806 1138
1.22808 1139
1.22812 1140
1.22814 1141
1.22817 1142
1.22819 1143
1.22821 1144
1.22823 1145
1.23507 666
1.23512 692
1.23519 715
1.23525 718
1.2353 739
1.23532 740
1.23536 750
1.23553 755
1.23559 756
1.23561 759
1.23564 764
1.23566 766
1.23568 771
1.2357 780
1.23573 787
1.23575 790
1.23578 792
1.2358 795
1.23582 801
1.23585 807
1.23587 811
1.2359 813
1.23592 815
1.23594 818
1.23596 824
1.236 829
1.23603 831
1.23607 837
1.23611 841
1.23613 844
1.23615 848
1.23617 852
1.23619 855
1.23621 856
1.23624 857
1.23626 859
1.23631 864
1.23633 871
1.23635 878
1.23638 893
1.2364 898
1.23643 905
1.23647 909
1.2365 918
1.23652 922
1.23654 923
1.23656 924
1.23658 928
1.23663 933
1.23665 1146
1.23668 1147
1.23671 1149
1.23673 1150
1.23675 1151
1.23677 1152
1.23679 1153
1.23682 1154
1.23685 1156
1.23688 1157
1.23693 1159
1.23729 1160
1.23731 1162
1.23735 1164
1.23737 1165
1.2374 1166
1.23742 1167
1.23744 1168
1.23747 1169
1.23749 1170
1.23751 1171
1.23753 1172
1.23755 1173
1.23758 1174
1.23762 1176
1.23764 1177
1.23805 1180
1.23917 1181
1.23925 1183
1.23931 1186
1.24618 718
1.24626 739
1.24633 750
1.24635 766
1.24638 780
1.24639 807
1.24642 811
1.24646 815
1.2465 824
1.24652 825
1.24654 829
1.24656 836
1.24659 837
1.24661 841
1.24664 848
1.24667 856
1.24669 859
1.24671 863
1.24674 864
1.24677 871
1.24679 878
1.24681 893
1.24683 898
1.24685 909
1.24688 918
1.2469 928
1.24695 940
1.24696 955
1.24699 962
1.24702 964
1.24708 979
1.24711 984
1.24713 992
1.24715 1187
1.24717 1188
1.24769 1189
1.2481 1191
1.24814 1192
1.24821 1193
1.2483 1194
1.24834 1196
1.24836 1197
1.24838 1198
1.2484 1199
1.24842 1201
1.24845 1202
1.24847 1203
1.24849 1204
1.24851 1205
1.24853 1206
1.24855 1207
1.24857 1208
1.24859 1209
1.24862 1210
1.24866 1212
1.24868 1213
1.24871 1214
1.24873 1216
1.24875 1217
1.24877 1219
1.24879 1220
1.24882 1221
1.24884 1222
1.24886 1223
1.24888 1224
1.24892 1226
1.24895 1227
1.24897 1229
1.24936 1230
1.24938 1231
1.2494 1232
1.24943 1233
1.25729 739
1.25733 831
1.25738 857
1.25741 871
1.25743 878
1.25745 893
1.25748 898
1.2575 905
1.25752 909
1.25755 918
1.25758 922
1.2576 923
1.25876 928
1.25881 929
1.2589 933
1.25897 955
1.25901 962
1.25906 964
1.25911 968
1.25915 974
1.25919 979
1.25924 984
1.25928 992
1.2593 993
1.25933 1005
1.25935 1006
1.25937 1014
1.25939 1016
1.25941 1020
1.25947 1025
1.25949 1026
1.25953 1030
1.25955 1036
1.25959 1040
1.25961 1041
1.25964 1044
1.25969 1054
1.25971 1055
1.25974 1056
1.25976 1059
1.25978 1234
1.25981 1235
1.25983 1236
1.25985 1237
1.25987 1238
1.2599 1239
1.25992 1240
1.25994 1241
1.25996 1242
1.25998 1243
1.26 1244
1.26003 1245
1.26005 1246
1.26008 1248
1.2601 1249
1.26015 1252
1.26017 1253
1.26019 1254
1.26022 1255
1.26024 1256
1.26026 1257
1.26028 1258
1.2603 1260
1.26035 1262
1.26037 1264
1.26039 1265
1.26042 1267
1.26044 1268
1.26046 1269
1.26048 1270
1.2605 1271
1.26053 1272
1.26055 1273
1.26058 1274
1.26061 1275
1.26062 1276
1.26065 1277
1.26067 1278
1.26069 1279
1.26071 1280
1.26074 1281
1.2684 826
1.26844 929
1.26852 931
1.26856 940
1.26861 955
1.26865 962
1.2687 964
1.26876 968
1.26884 974
1.26893 979
1.26897 993
1.26906 1005
1.26911 1011
1.26915 1014
1.26923 1016
1.26928 1024
1.26932 1025
1.26937 1026
1.26941 1029
1.26946 1036
1.26952 1040
1.26957 1044
1.26969 1049
1.26974 1053
1.26979 1054
1.2699 1059
1.27 1072
1.27004 1076
1.27009 1083
1.27011 1087
1.2702 1089
1.27025 1106
1.2703 1282
1.27034 1283
1.27039 1284
1.27045 1285
1.2705 1286
1.27056 1287
1.27057 1288
1.2706 1290
1.27062 1291
1.27065 1292
1.27067 1294
1.27069 1295
1.27072 1296
1.27074 1297
1.27077 1298
1.27079 1299
1.27082 1300
1.27086 1302
1.27088 1304
1.2709 1305
1.27092 1306
1.27094 1308
1.27097 1309
1.27099 1311
1.27102 1312
1.27104 1313
1.27106 1314
1.27109 1315
1.2711 1316
1.27113 1317
1.27115 1318
1.27117 1319
1.27119 1322
1.27121 1323
1.27123 1325
1.27125 1326
1.27127 1327
1.27129 1328
1.27131 1329
1.27133 1330
1.27136 1331
1.27138 1333
1.2714 1334
1.27954 929
1.27964 968
1.27966 974
1.27968 993
1.2797 1011
1.27972 1014
1.27974 1020
1.27976 1024
1.27979 1025
1.27981 1026
1.27983 1029
1.27986 1030
1.27988 1036
1.2799 1037
1.27993 1040
1.27995 1041
1.27997 1054
1.28 1055
1.28004 1066
1.28006 1072
1.28008 1076
1.2801 1079
1.28012 1083
1.28015 1087
1.28018 1089
1.2802 1094
1.28022 1114
1.28026 1116
1.28028 1125
1.2803 1148
1.28032 1155
1.28034 1158
1.28038 1163
1.2804 1335
1.28042 1336
1.28044 1337
1.28047 1339
1.28049 1341
1.28051 1342
1.28053 1343
1.28055 1344
1.28057 1345
1.2806 1346
1.28063 1348
1.28065 1349
1.28067 1350
1.28072 1351
1.28074 1353
1.28076 1354
1.28078 1357
1.2808 1359
1.28083 1361
1.28086 1362
1.28088 1364
1.2809 1365
1.28091 1366
1.28093 1367
1.28096 1368
1.28098 1369
1.281 1370
1.28102 1371
1.28105 1372
1.28107 1375
1.2811 1376
1.28112 1377
1.28114 1378
1.28116 1379
1.28118 1380
1.2812 1381
1.28123 1382
1.28128 1384
1.28131 1385
1.28132 1387
1.29063 826
1.29067 931
1.29072 1011
1.29078 1024
1.29083 1029
1.29088 1037
1.2909 1049
1.29093 1053
1.29095 1066
1.29097 1072
1.29099 1074
1.29102 1079
1.29104 1083
1.29106 1087
1.29108 1089
1.29149 1106
1.29157 1114
1.29163 1116
1.29165 1125
1.29167 1135
1.29169 1148
1.29171 1155
1.29174 1161
1.29177 1163
1.29179 1389
1.29181 1390
1.29183 1391
1.29185 1393
1.29188 1394
1.2919 1395
1.29193 1396
1.29195 1397
1.29198 1398
1.292 1399
1.29202 1400
1.29204 1402
1.29206 1404
1.29208 1405
1.29211 1407
1.29213 1409
1.29215 1410
1.29218 1411
1.2922 1412
1.29222 1413
1.29224 1414
1.29226 1415
1.29228 1416
1.2923 1418
1.29233 1420
1.29235 1421
1.29238 1422
1.29241 1423
1.29244 1425
1.29246 1426
1.29248 1427
1.2925 1428
1.29252 1429
1.29254 1431
1.29368 1432
1.29372 1433
1.29377 1435
1.29383 1436
1.29384 1437
1.29387 1438
1.2939 1439
1.29392 1440
1.29394 1441
1.29397 1443
1.29399 1444
1.29401 1445
1.29404 1446
1.29409 1448
1.29411 1449
1.29413 1450
1.29467 1451
1.29469 1453
1.29471 1454
1.29473 1455
1.29475 1456
1.29477 1457
1.29479 1458
1.29481 1459
1.29484 1460
1.30174 1037
1.30178 1066
1.30182 1074
1.30188 1079
1.30192 1094
1.30197 1116
1.30199 1125
1.30207 1135
1.30218 1155
1.30222 1158
1.30228 1161
1.30232 1163
1.30239 1175
1.30243 1178
1.30252 1184
1.30257 1185
1.30262 1190
1.30264 1195
1.30266 1461
1.30269 1463
1.30275 1465
1.30277 1467
1.30279 1469
1.30281 1470
1.30283 1471
1.30286 1472
1.30287 1473
1.3029 1475
1.30294 1476
1.30299 1477
1.30301 1478
1.30303 1479
1.30307 1483
1.30313 1486
1.30316 1487
1.30319 1488
1.30321 1489
1.30323 1490
1.30325 1491
1.30327 1492
1.30329 1493
1.30332 1494
1.30334 1495
1.30336 1496
1.30338 1497
1.3034 1498
1.30342 1499
1.30345 1500
1.30347 1501
1.30349 1502
1.30351 1503
1.30354 1504
1.30357 1505
1.30359 1506
1.30362 1507
1.30364 1508
1.30366 1510
1.30368 1511
1.3037 1512
1.30372 1513
1.30374 1514
1.30379 1516
1.30381 1517
1.30451 1518
1.30453 1519
1.30455 1520
1.30458 1521
1.3046 1522
1.30462 1523
1.30465 1524
1.30468 1525
1.3047 1526
1.30472 1528
1.30484 1535
1.30486 1536
1.30488 1538
1.31285 1037
1.31287 1066
1.31289 1074
1.31291 1079
1.31295 1114
1.31298 1116
1.313 1125
1.31303 1135
1.31305 1148
1.31307 1155
1.3131 1158
1.31314 1175
1.31316 1178
1.31319 1179
1.31322 1182
1.31324 1184
1.31326 1185
1.31328 1195
1.31331 1200
1.31333 1211
1.31336 1215
1.31339 1218
1.3134 1225
1.31369 1228
1.3141 1247
1.31417 1259
1.31422 1261
1.31428 1263
1.31434 1539
1.31439 1541
1.31441 1542
1.31458 1543
1.31464 1545
1.31472 1546
1.31478 1547
1.31487 1548
1.31496 1549
1.31505 1550
1.31507 1551
1.31509 1552
1.31511 1553
1.31513 1554
1.31515 1555
1.3152 1558
1.31522 1559
1.31524 1561
1.31527 1562
1.31529 1563
1.31531 1564
1.31534 1565
1.31539 1567
1.31541 1568
1.31543 1570
1.31545 1571
1.31548 1572
1.3155 1573
1.31552 1574
1.31554 1576
1.31556 1577
1.3156 1578
1.31565 1580
1.31567 1581
1.31571 1584
1.31574 1586
1.31576 1587
1.31578 1588
1.3158 1589
1.31582 1591
1.31584 1592
1.31587 1594
1.3159 1595
1.31597 1598
1.31598 1600
1.31601 1601
1.31603 1602
1.31605 1603
1.32396 1175
1.324 1178
1.32404 1179
1.32412 1182
1.32417 1184
1.32426 1190
1.3243 1195
1.32435 1211
1.32438 1215
1.32448 1218
1.32452 1225
1.3246 1228
1.32464 1247
1.32468 1250
1.32473 1251
1.32479 1259
1.32484 1261
1.32494 1266
1.32502 1605
1.32507 1606
1.32508 1607
1.32511 1609
1.32513 1611
1.32516 1612
1.32519 1613
1.32521 1614
1.32525 1617
1.32529 1619
1.32531 1620
1.32534 1622
1.32536 1623
1.3254 1625
1.32543 1626
1.32545 1627
1.32547 1628
1.32549 1629
1.32551 1630
1.32553 1631
1.32555 1632
1.32558 1634
1.3256 1635
1.32563 1636
1.32565 1637
1.32567 1638
1.32569 1639
1.32572 1640
1.32575 1641
1.32578 1642
1.32581 1644
1.32583 1645
1.32585 1646
1.32587 1647
1.3259 1648
1.32592 1649
1.32595 1651
1.32597 1652
1.32601 1653
1.32603 1654
1.32605 1655
1.32608 1656
1.3261 1657
1.32612 1658
1.32614 1660
1.32616 1662
1.32619 1663
1.32623 1666
1.32625 1667
1.32628 1668
1.32631 1669
1.32633 1670
1.32635 1671
1.32637 1672
1.32641 1675
1.32643 1676
1.32646 1677
1.3265 1679
1.32652 1680
1.32656 1682
1.33507 1179
1.33514 1200
1.33519 1211
1.33524 1215
1.33528 1218
1.33534 1225
1.33539 1228
1.33544 1247
1.33549 1250
1.33554 1251
1.33559 1259
1.33568 1261
1.33575 1263
1.33579 1266
1.33588 1289
1.33595 1293
1.336 1301
1.33607 1303
1.33612 1307
1.33616 1683
1.33626 1684
1.33628 1685
1.3363 1686
1.33634 1689
1.33643 1690
1.33649 1693
1.33663 1695
1.33668 1696
1.33673 1698
1.33675 1699
1.33677 1700
1.33681 1702
1.33715 1703
1.33724 1704
1.33729 1705
1.33734 1706
1.33743 1707
1.33749 1708
1.33754 1709
1.33756 1710
1.33764 1711
1.33771 1712
1.33775 1713
1.33782 1715
1.33789 1717
1.33794 1718
1.33796 1719
1.33798 1720
1.338 1721
1.33802 1722
1.3381 1725
1.33813 1726
1.33817 1728
1.33819 1730
1.33821 1731
1.33823 1732
1.33826 1733
1.33828 1734
1.33832 1739
1.33837 1741
1.33839 1742
1.33841 1743
1.33843 1744
1.33845 1746
1.33848 1747
1.33851 1748
1.33853 1750
1.33855 1751
1.33857 1752
1.3386 1753
1.33862 1754
1.33864 1755
1.33866 1756
1.33868 1758
1.3387 1759
1.33873 1760
1.33875 1762
1.3462 1251
1.34624 1266
1.34632 1293
1.34636 1301
1.34643 1307
1.34648 1310
1.34654 1320
1.34659 1321
1.34661 1324
1.34664 1332
1.34666 1338
1.3467 1347
1.34672 1352
1.34723 1355
1.34727 1356
1.34732 1358
1.34734 1360
1.34736 1363
1.34741 1373
1.34743 1374
1.34745 1383
1.34747 1386
1.34749 1388
1.34751 1764
1.34754 1765
1.34756 1766
1.34758 1767
1.3476 1768
1.34762 1769
1.34768 1771
1.3477 1772
1.34772 1773
1.34774 1774
1.34776 1775
1.34778 1777
1.3478 1778
1.34782 1779
1.34785 1780
1.3479 1782
1.34867 1785
1.34869 1786
1.34871 1787
1.34884 1788
1.34892 1791
1.34897 1792
1.34899 1793
1.34901 1794
1.34906 1796
1.34908 1797
1.3491 1798
1.34913 1799
1.34915 1800
1.34918 1801
1.34922 1803
1.34925 1804
1.34928 1805
1.34971 1806
1.34973 1807
1.34992 1810
1.34997 1811
1.35001 1813
1.35003 1814
1.35005 1815
1.35008 1818
1.3501 1819
1.35012 1820
1.35027 1822
1.35029 1823
1.35031 1825
1.35033 1826
1.35071 1827
1.35075 1828
1.35081 1829
1.35087 1830
1.35092 1833
1.35097 1834
1.35101 1835
1.35729 1289
1.35734 1301
1.35742 1307
1.35747 1310
1.35754 1321
1.35759 1324
1.35761 1332
1.35763 1338
1.35765 1347
1.35768 1355
1.35771 1358
1.35774 1360
1.35776 1363
1.35778 1373
1.3578 1374
1.35782 1386
1.35785 1392
1.35787 1401
1.3579 1403
1.35793 1419
1.35795 1424
1.35797 1430
1.35801 1442
1.35803 1447
1.35805 1452
1.35808 1462
1.35812 1837
1.35814 1838
1.35817 1839
1.35819 1840
1.35821 1841
1.35823 1843
1.35825 1844
1.35828 1846
1.35834 1849
1.35837 1850
1.35839 1852
1.35843 1854
1.35845 1855
1.35847 1856
1.35849 1857
1.35852 1858
1.35855 1859
1.35857 1860
1.3586 1861
1.35862 1862
1.35864 1863
1.35866 1864
1.35868 1865
1.35871 1866
1.35873 1867
1.35875 1868
1.35877 1869
1.35879 1871
1.35881 1872
1.35886 1874
1.35888 1875
1.3589 1876
1.35892 1877
1.35894 1878
1.35896 1879
1.35898 1880
1.359 1881
1.35903 1882
1.35905 1883
1.35907 1884
1.35909 1886
1.35912 1887
1.35914 1888
1.35919 1889
1.35921 1890
1.35923 1891
1.35926 1892
1.35928 1893
1.35933 1896
1.36842 1320
1.36847 1321
1.36852 1324
1.3686 1338
1.36865 1340
1.36871 1347
1.3688 1356
1.36881 1358
1.36884 1360
1.36901 1373
1.36903 1374
1.36905 1383
1.36922 1388
1.36926 1392
1.36934 1401
1.36939 1403
1.36947 1406
1.36949 1408
1.36951 1417
1.36955 1419
1.36959 1430
1.36961 1442
1.36964 1447
1.36969 1462
1.36971 1464
1.36975 1468
1.36977 1480
1.3698 1481
1.36984 1485
1.36986 1509
1.36988 1515
1.36991 1527
1.36995 1531
1.36997 1532
1.36999 1533
1.37001 1534
1.37003 1537
1.37006 1540
1.37008 1544
1.3701 1898
1.37012 1900
1.37015 1901
1.37017 1903
1.3702 1904
1.37022 1906
1.37025 1907
1.37027 1908
1.37029 1909
1.37031 1910
1.37034 1912
1.37036 1913
1.37038 1917
1.37041 1918
1.37044 1919
1.37046 1921
1.37048 1922
1.37052 1924
1.37054 1925
1.37056 1926
1.37059 1927
1.37061 1928
1.37063 1929
1.37065 1930
1.3707 1932
1.37072 1933
1.37075 1934
1.37077 1935
1.37079 1936
1.37082 1938
1.37084 1939
1.37086 1940
1.37088 1941
1.37952 1392
1.37956 1401
1.37958 1403
1.37966 1406
1.37968 1408
1.3797 1417
1.37972 1424
1.37977 1434
1.37979 1442
1.37982 1452
1.38001 1462
1.38003 1464
1.38005 1466
1.38007 1468
1.38016 1481
1.38018 1482
1.38028 1484
1.3803 1509
1.38033 1515
1.38035 1527
1.38038 1529
1.38041 1530
1.38083 1531
1.38087 1532
1.38098 1557
1.38103 1560
1.38108 1566
1.38113 1575
1.3812 1582
1.38126 1583
1.38135 1585
1.3814 1590
1.38148 1596
1.38155 1604
1.38159 1608
1.38164 1610
1.38169 1616
1.38174 1624
1.38178 1944
1.38182 1945
1.38192 1947
1.38198 1948
1.38203 1950
1.3821 1952
1.38216 1953
1.38223 1954
1.38227 1957
1.38231 1959
1.38241 1960
1.38243 1961
1.38245 1962
1.38247 1963
1.38251 1965
1.38253 1966
1.38255 1967
1.38258 1968
1.3826 1970
1.38262 1971
1.38264 1972
1.38266 1973
1.38269 1974
1.38271 1975
1.38273 1976
1.38275 1977
1.38278 1979
1.3828 1980
1.38282 1982
1.38284 1983
1.38287 1984
1.39063 1340
1.39068 1406
1.39073 1408
1.39075 1434
1.39085 1464
1.39089 1466
1.39097 1468
1.39101 1481
1.39103 1482
1.39106 1484
1.39108 1485
1.3911 1509
1.39112 1515
1.39114 1527
1.39119 1530
1.39121 1531
1.39123 1532
1.39125 1533
1.39127 1534
1.39129 1537
1.39132 1540
1.39134 1544
1.39136 1556
1.39139 1557
1.39141 1560
1.39144 1566
1.39147 1569
1.39149 1575
1.39151 1579
1.39153 1582
1.39156 1583
1.39158 1585
1.3916 1590
1.39163 1593
1.39165 1596
1.39168 1597
1.3917 1599
1.39172 1608
1.39175 1610
1.39179 1616
1.39184 1621
1.39186 1624
1.39188 1633
1.39191 1643
1.39193 1650
1.39296 1659
1.39305 1661
1.39311 1664
1.39313 1665
1.39315 1673
1.39317 1674
1.3932 1678
1.39322 1681
1.39325 1688
1.39327 1691
1.39329 1692
1.39333 1701
1.39335 1985
1.39337 1986
1.39339 1987
1.39341 1988
1.39343 1989
1.39345 1990
1.39347 1991
1.3935 1992
1.39352 1993
1.39354 1994
1.39359 1997
1.39361 1998
1.39363 1999
1.39365 2000
1.39368 2001
1.3937 2002
1.39372 2003
1.39374 2005
1.39377 2006
1.39379 2009
1.39382 2010
1.39384 2011
1.39386 2012
1.39388 2014
1.39391 2015
1.39394 2016
1.39397 2017
1.40174 1466
1.40176 1474
1.40185 1482
1.4019 1484
1.40197 1556
1.40206 1557
1.40213 1566
1.40218 1569
1.40228 1575
1.40234 1583
1.40239 1585
1.40243 1590
1.40247 1596
1.40257 1597
1.40267 1599
1.40275 1604
1.40277 1608
1.40279 1610
1.40289 1615
1.40297 1616
1.40301 1618
1.4031 1624
1.40312 1643
1.40314 1650
1.40316 1659
1.40323 1665
1.40349 1678
1.40354 1681
1.40356 1687
1.40358 1688
1.40361 1691
1.40365 1694
1.40368 1701
1.4037 1716
1.40372 1723
1.40374 1724
1.40377 1727
1.40379 1729
1.40381 1735
1.40383 1737
1.40385 1740
1.40388 1749
1.40389 1757
1.40391 1761
1.40394 1763
1.40396 1776
1.40399 2019
1.40402 2020
1.40404 2021
1.40407 2022
1.40409 2023
1.40411 2024
1.40413 2025
1.40416 2026
1.40419 2027
1.40421 2028
1.40423 2029
1.40426 2030
1.40428 2031
1.4043 2032
1.40433 2033
1.40436 2034
1.40438 2035
1.4044 2036
1.40444 2038
1.40447 2039
1.40449 2040
1.40451 2041
1.40453 2042
1.40455 2043
1.40457 2044
1.4046 2045
1.40464 2048
1.40466 2049
1.41285 1474
1.41289 1556
1.41295 1579
1.413 1593
1.41306 1615
1.41312 1621
1.41314 1633
1.41316 1643
1.41318 1650
1.4132 1659
1.41322 1661
1.41325 1664
1.4133 1674
1.41332 1678
1.41334 1681
1.41336 1687
1.41417 1688
1.41423 1701
1.41425 1714
1.41427 1723
1.4143 1724
1.41432 1727
1.41435 1735
1.41437 1736
1.41439 1737
1.41441 1738
1.41443 1740
1.41446 1745
1.41448 1749
1.4145 1757
1.41452 1761
1.41454 1763
1.41459 1776
1.41461 1781
1.41463 1783
1.41467 1789
1.41469 1790
1.41471 1795
1.41473 1802
1.41475 1808
1.41477 1809
1.41479 1812
1.41481 1817
1.41484 1821
1.41486 1831
1.41488 1832
1.41491 1836
1.41493 2052
1.41496 2053
1.41501 2056
1.41506 2058
1.41512 2061
1.41514 2062
1.41517 2063
1.41519 2065
1.41522 2066
1.41524 2068
1.41526 2069
1.41528 2070
1.4153 2071
1.41533 2073
1.41535 2074
1.41537 2075
1.41539 2077
1.41542 2078
1.41544 2079
1.41548 2081
1.4155 2082
1.41552 2083
1.41555 2084
1.41557 2085
1.41559 2086
1.41561 2087
1.41563 2088
1.42396 1474
1.42398 1615
1.424 1618
1.42402 1674
1.42404 1678
1.42406 1681
1.42408 1687
1.42411 1688
1.42413 1691
1.42415 1692
1.42417 1694
1.42419 1697
1.42421 1701
1.42423 1714
1.42425 1716
1.4243 1724
1.42431 1727
1.42435 1729
1.42438 1735
1.4244 1736
1.42442 1737
1.42445 1738
1.42447 1740
1.42449 1745
1.42452 1749
1.42455 1757
1.42457 1761
1.42459 1763
1.42461 1770
1.42464 1776
1.4247 1784
1.42473 1789
1.42476 1790
1.42478 1795
1.4248 1802
1.42482 1808
1.42484 1809
1.42487 1812
1.42498 1824
1.425 1831
1.42502 1832
1.42505 1836
1.42507 1842
1.4251 1845
1.42512 1847
1.42516 1851
1.4252 1870
1.42522 1873
1.42524 1885
1.42526 1895
1.42528 1897
1.42533 2089
1.42535 2090
1.42537 2091
1.42539 2092
1.42541 2093
1.42543 2094
1.42546 2095
1.42548 2096
1.4255 2097
1.42553 2098
1.42556 2099
1.42558 2100
1.42562 2104
1.42568 2106
1.4257 2108
1.42574 2110
1.42576 2115
1.42578 2116
1.42583 2118
1.42587 2120
1.42589 2121
1.42594 2123
1.42596 2124
1.42598 2125
1.42601 2126
1.43507 1687
1.43512 1697
1.43514 1714
1.43516 1716
1.43519 1723
1.43521 1724
1.43523 1727
1.43526 1729
1.43529 1735
1.43564 1737
1.43572 1738
1.43583 1761
1.43585 1763
1.43587 1770
1.43589 1776
1.43591 1783
1.43593 1784
1.43595 1789
1.43597 1790
1.43599 1795
1.43601 1802
1.43604 1808
1.4361 1816
1.43612 1817
1.43616 1824
1.43619 1831
1.43623 1845
1.43625 1847
1.43628 1848
1.43631 1851
1.43633 1853
1.43638 1873
1.4364 1885
1.43642 1897
1.43644 1899
1.43647 1902
1.43649 1905
1.43652 1911
1.43654 1914
1.43657 1915
1.43659 1916
1.43661 1920
1.43663 1923
1.43667 1937
1.4367 1942
1.43672 1943
1.43673 1949
1.43676 2130
1.43678 2131
1.43681 2132
1.43683 2134
1.43685 2135
1.43687 2136
1.4369 2138
1.43692 2139
1.43695 2140
1.43699 2142
1.43702 2143
1.43704 2144
1.43706 2145
1.43708 2146
1.4371 2147
1.43712 2148
1.43715 2149
1.43717 2150
1.4372 2151
1.43722 2152
1.43724 2153
1.43726 2154
1.43728 2155
1.4373 2156
1.43733 2157
1.43735 2158
1.43737 2159
1.43739 2160
1.43741 2161
1.44618 1697
1.44622 1770
1.44629 1784
1.44633 1824
1.44637 1832
1.44651 1836
1.44656 1842
1.44662 1845
1.44667 1847
1.44672 1848
1.44681 1851
1.44685 1870
1.44691 1885
1.44699 1895
1.44703 1897
1.44713 1899
1.44717 1902
1.44747 1905
1.44755 1914
1.44762 1915
1.44768 1916
1.4477 1920
1.44772 1923
1.44776 1937
1.44778 1942
1.4478 1943
1.44782 1946
1.44784 1949
1.44786 2163
1.44788 2164
1.44795 2165
1.44802 2166
1.44805 2167
1.44807 2169
1.44809 2170
1.44812 2172
1.44814 2173
1.44816 2174
1.44818 2175
1.44821 2176
1.44824 2177
1.44827 2178
1.4483 2179
1.44832 2180
1.44834 2182
1.44836 2183
1.44839 2184
1.44842 2185
1.44844 2186
1.44846 2188
1.44848 2189
1.4485 2190
1.44855 2192
1.44858 2193
1.4486 2194
1.44862 2195
1.44866 2198
1.44868 2199
1.4487 2200
1.44873 2201
1.44874 2202
1.44877 2203
1.44881 2205
1.44883 2206
1.44885 2207
1.44887 2208
1.4489 2209
1.44892 2210
1.44894 2213
1.44897 2214
1.44899 2215
1.44907 2218
1.44909 2219
1.44912 2220
1.44915 2222
1.44917 2223
1.44919 2224
1.44921 2225
1.44923 2226
1.44925 2227
1.45729 1697
1.45745 1770
1.45751 1824
1.45753 1842
1.45755 1845
1.45758 1847
1.4576 1848
1.45762 1851
1.45764 1853
1.45766 1870
1.45768 1873
1.4577 1885
1.45773 1894
1.45775 1895
1.45778 1897
1.4578 1899
1.45783 1902
1.45785 1905
1.45788 1911
1.4579 1914
1.45792 1915
1.45794 1916
1.45796 1920
1.45798 1923
1.45801 1931
1.45803 1937
1.45805 1942
1.45807 1943
1.45811 1951
1.45813 2228
1.45815 2229
1.45817 2230
1.45822 2233
1.45826 2235
1.45828 2236
1.45833 2238
1.45835 2239
1.45837 2241
1.45839 2242
1.45841 2243
1.45843 2245
1.45848 2247
1.45853 2249
1.45855 2250
1.45857 2251
1.4586 2252
1.45863 2253
1.45865 2254
1.45869 2256
1.45873 2258
1.45876 2259
1.45878 2260
1.45881 2261
1.45883 2262
1.45885 2264
1.45887 2265
1.45892 2268
1.45894 2269
1.45899 2271
1.45902 2272
1.45904 2273
1.45906 2274
1.45908 2275
1.4591 2276
1.45912 2277
1.45914 2280
1.45916 2281
1.45919 2282
1.45921 2283
1.45923 2284
1.45925 2285
1.45927 2286
1.45929 2287
1.45931 2288
1.45934 2289
1.45936 2290
1.45939 2291
1.45941 2293
1.45943 2294
1.4684 1894
1.46845 1931
1.46849 1946
1.46853 1951
1.46858 1955
1.46863 1956
1.46875 1964
1.4688 1969
1.46882 1978
1.46889 1981
1.46894 1995
1.46898 1996
1.46902 2004
1.46906 2007
1.46911 2008
1.46918 2018
1.46922 2046
1.46931 2047
1.46936 2050
1.46941 2295
1.46946 2296
1.46951 2297
1.46956 2298
1.46961 2300
1.46967 2301
1.46975 2302
1.46981 2303
1.4699 2304
1.46995 2305
1.46997 2306
1.46999 2307
1.47001 2308
1.47003 2309
1.47006 2310
1.47008 2312
1.4701 2313
1.47013 2314
1.47017 2316
1.47019 2317
1.47024 2320
1.47029 2322
1.47031 2323
1.47034 2324
1.47037 2325
1.47039 2327
1.47044 2330
1.47047 2331
1.47049 2332
1.47054 2335
1.47057 2336
1.47059 2337
1.47062 2338
1.47064 2339
1.47066 2340
1.47068 2341
1.47071 2342
1.47073 2343
1.47075 2344
1.47077 2345
1.4708 2346
1.47082 2347
1.47085 2348
1.47087 2349
1.47089 2350
1.47091 2351
1.47094 2352
1.47096 2353
1.47098 2354
1.471 2355
1.47105 2357
1.47107 2358
1.47111 2360
1.47113 2363
1.47116 2364
1.47118 2365
1.4712 2366
1.47122 2367
1.47124 2368
1.47129 2370
1.47131 2371
1.47133 2372
1.47952 1894
1.47958 1946
1.47969 1958
1.47977 1978
1.47981 1981
1.47986 1995
1.47994 1996
1.48001 2008
1.48007 2013
1.48015 2018
1.4802 2037
1.48026 2046
1.48031 2050
1.48033 2051
1.48035 2373
1.48038 2374
1.48041 2375
1.48046 2377
1.48048 2381
1.4805 2382
1.48052 2383
1.48057 2385
1.48063 2387
1.48065 2388
1.48069 2390
1.48072 2391
1.48074 2392
1.48076 2393
1.48078 2394
1.4808 2395
1.48082 2397
1.48085 2398
1.48087 2399
1.4809 2401
1.48093 2402
1.48095 2404
1.48099 2406
1.48104 2408
1.48107 2409
1.48109 2410
1.48111 2411
1.48114 2412
1.48132 2413
1.48134 2415
1.48137 2418
1.48139 2419
1.48141 2420
1.48143 2421
1.48145 2423
1.48148 2424
1.4815 2425
1.48152 2426
1.48154 2427
1.48156 2428
1.48159 2429
1.48161 2430
1.48163 2431
1.48167 2433
1.48175 2437
1.48177 2440
1.48179 2441
1.48181 2442
1.48183 2443
1.48185 2444
1.4819 2446
1.48192 2449
1.49063 1958
1.49068 1964
1.49072 1969
1.49077 1978
1.49083 1981
1.49085 1995
1.49087 1996
1.49089 2004
1.49091 2007
1.49096 2013
1.49098 2018
1.49103 2047
1.49105 2050
1.49107 2051
1.4911 2054
1.49112 2055
1.49114 2057
1.49116 2059
1.49118 2060
1.4912 2064
1.49123 2076
1.49125 2101
1.49128 2102
1.4913 2103
1.49132 2105
1.49134 2107
1.49137 2109
1.49139 2111
1.49141 2112
1.49148 2119
1.4915 2122
1.49153 2127
1.49156 2128
1.49158 2129
1.49161 2450
1.49163 2451
1.49166 2452
1.49168 2453
1.49171 2455
1.49173 2456
1.49176 2457
1.49178 2459
1.49181 2460
1.49183 2461
1.49301 2463
1.49305 2464
1.49312 2465
1.49314 2466
1.49316 2467
1.49318 2468
1.4932 2469
1.49322 2470
1.49324 2471
1.49326 2472
1.49329 2473
1.49331 2475
1.49333 2477
1.49336 2478
1.49338 2481
1.4934 2482
1.49342 2483
1.49344 2484
1.49347 2485
1.49349 2486
1.49352 2487
1.49354 2489
1.49358 2491
1.4936 2492
1.49362 2493
1.49367 2495
1.4937 2496
1.49372 2497
1.49375 2498
1.49377 2499
1.49379 2500
1.49381 2501
1.49384 2502
1.49386 2503
1.49388 2504
1.50176 2054
1.50178 2055
1.5018 2059
1.50182 2060
1.50185 2064
1.50187 2067
1.5019 2072
1.50193 2076
1.50195 2080
1.50198 2101
1.50202 2103
1.50204 2105
1.50209 2109
1.50211 2111
1.50215 2113
1.50217 2119
1.50305 2122
1.50307 2127
1.50309 2129
1.50311 2133
1.50313 2137
1.50315 2141
1.50317 2162
1.50319 2168
1.50321 2171
1.50326 2191
1.50328 2505
1.50331 2506
1.50334 2507
1.50336 2508
1.50338 2509
1.5034 2510
1.50342 2512
1.50344 2513
1.50347 2514
1.50351 2515
1.50353 2516
1.50355 2517
1.50357 2518
1.50359 2519
1.50364 2521
1.50366 2523
1.5037 2528
1.50372 2529
1.50374 2530
1.50377 2531
1.50379 2532
1.50382 2533
1.50384 2534
1.50387 2535
1.50389 2536
1.50391 2537
1.50395 2539
1.50397 2541
1.50399 2542
1.50401 2544
1.50403 2545
1.50406 2546
1.50408 2547
1.5041 2548
1.50413 2549
1.50415 2550
1.50417 2551
1.50419 2552
1.50422 2553
1.50424 2554
1.50426 2556
1.50429 2557
1.50431 2558
1.50434 2560
1.50436 2561
1.50438 2562
1.5044 2563
1.50442 2564
1.51285 2054
1.51289 2055
1.51294 2057
1.51296 2059
1.51298 2060
1.513 2064
1.51303 2067
1.51311 2076
1.51312 2080
1.51315 2101
1.51317 2102
1.51319 2103
1.51321 2105
1.51324 2107
1.51326 2109
1.51328 2111
1.5133 2112
1.51332 2113
1.51334 2117
1.51336 2119
1.51338 2122
1.5142 2128
1.51425 2133
1.51432 2162
1.51436 2168
1.51441 2171
1.51447 2181
1.51451 2187
1.51456 2191
1.51461 2196
1.5147 2211
1.51476 2212
1.5148 2216
1.51486 2217
1.5149 2231
1.51492 2232
1.51496 2234
1.51498 2237
1.515 2240
1.51503 2244
1.51505 2246
1.51508 2248
1.5151 2255
1.51512 2257
1.51514 2263
1.51516 2266
1.51518 2267
1.51523 2566
1.51526 2567
1.51528 2568
1.5153 2569
1.51532 2570
1.51534 2571
1.51536 2572
1.51538 2573
1.51545 2580
1.51547 2581
1.51552 2583
1.51554 2584
1.51556 2585
1.51558 2586
1.51561 2587
1.51563 2588
1.51569 2590
1.51571 2591
1.51578 2594
1.5158 2595
1.51582 2596
1.51585 2597
1.51587 2598
1.51589 2599
1.51592 2600
1.51594 2601
1.51596 2602
1.51599 2603
1.51601 2604
1.51604 2605
1.51606 2606
1.51608 2607
1.5161 2608
1.52396 2067
1.52398 2072
1.524 2080
1.52402 2113
1.52404 2114
1.52406 2117
1.52408 2133
1.5241 2137
1.52412 2162
1.52415 2168
1.52417 2171
1.52419 2181
1.52424 2187
1.52426 2191
1.52428 2196
1.52482 2197
1.52487 2204
1.52493 2211
1.52497 2216
1.52499 2217
1.52501 2221
1.52503 2232
1.52506 2237
1.52508 2240
1.5251 2244
1.52514 2248
1.52516 2255
1.52518 2257
1.5252 2263
1.52523 2266
1.52525 2267
1.52527 2270
1.52529 2278
1.52531 2279
1.52533 2299
1.52536 2311
1.52538 2315
1.52543 2319
1.52545 2326
1.52547 2328
1.52549 2329
1.52551 2333
1.52553 2334
1.52555 2356
1.52558 2359
1.5256 2361
1.52562 2362
1.52566 2611
1.52569 2612
1.52571 2613
1.52574 2614
1.52577 2615
1.52579 2616
1.52583 2617
1.52585 2618
1.52587 2619
1.52592 2621
1.52594 2622
1.52596 2623
1.52598 2624
1.526 2627
1.52602 2628
1.52604 2629
1.52607 2630
1.52609 2631
1.52611 2632
1.52614 2633
1.52616 2635
1.52618 2636
1.52621 2637
1.52624 2638
1.52626 2639
1.52628 2640
1.5263 2641
1.52632 2642
1.52742 2644
1.52744 2645
1.52746 2646
1.52748 2648
1.52751 2649
1.52755 2651
1.52758 2653
1.53507 2117
1.53513 2141
1.53519 2168
1.53521 2187
1.53523 2191
1.53528 2197
1.53531 2204
1.53533 2211
1.53537 2216
1.53539 2221
1.53541 2232
1.53544 2234
1.53546 2244
1.53548 2246
1.5355 2248
1.53553 2255
1.53555 2257
1.53557 2263
1.53559 2266
1.53562 2267
1.53564 2270
1.53566 2278
1.53571 2292
1.53573 2311
1.53576 2315
1.53578 2318
1.5358 2319
1.53582 2321
1.53586 2326
1.5359 2329
1.53592 2334
1.53594 2356
1.53596 2359
1.53598 2361
1.53601 2362
1.53603 2376
1.53605 2378
1.5361 2380
1.53613 2384
1.53615 2386
1.53617 2389
1.53622 2403
1.53624 2405
1.53627 2407
1.53632 2654
1.53634 2655
1.53636 2656
1.53639 2657
1.53641 2658
1.53644 2659
1.53648 2662
1.53651 2663
1.53656 2665
1.53658 2666
1.5366 2667
1.53662 2669
1.53664 2670
1.53666 2671
1.53669 2672
1.53671 2673
1.53673 2674
1.53675 2675
1.53677 2677
1.5368 2678
1.53682 2679
1.53684 2680
1.53686 2681
1.53689 2682
1.53691 2683
1.53694 2684
1.54618 2114
1.54623 2197
1.54627 2232
1.54629 2234
1.54632 2240
1.54634 2246
1.54636 2248
1.54638 2255
1.5464 2257
1.54642 2263
1.54644 2266
1.54648 2270
1.54651 2278
1.54653 2279
1.54656 2299
1.54658 2311
1.54661 2315
1.54663 2318
1.54665 2321
1.54669 2326
1.54671 2329
1.54673 2333
1.54675 2334
1.54677 2356
1.5468 2361
1.54683 2362
1.54685 2369
1.54687 2376
1.54689 2378
1.54691 2379
1.54693 2380
1.54696 2384
1.54698 2386
1.54699 2396
1.54701 2400
1.54704 2403
1.54706 2405
1.54709 2407
1.54711 2414
1.54713 2416
1.54715 2417
1.54717 2422
1.54719 2686
1.54722 2687
1.54724 2688
1.54726 2690
1.54729 2692
1.54731 2693
1.54733 2694
1.54735 2695
1.54737 2696
1.54739 2697
1.54741 2700
1.54744 2701
1.54746 2703
1.54748 2704
1.5475 2705
1.54752 2706
1.54754 2709
1.54759 2712
1.54762 2713
1.54764 2714
1.54767 2715
1.54769 2716
1.54773 2717
1.54775 2718
1.54778 2719
1.54781 2720
1.54783 2721
1.54786 2722
1.54788 2724
1.5479 2725
1.54796 2728
1.54798 2729
1.54997 2730
1.55014 2731
1.55021 2732
1.55729 2292
1.55737 2318
1.55741 2321
1.55746 2369
1.55752 2376
1.55757 2378
1.55762 2380
1.55764 2384
1.55777 2400
1.55786 2416
1.55792 2417
1.55794 2422
1.55796 2432
1.55799 2434
1.55801 2435
1.55804 2436
1.55809 2445
1.55812 2447
1.55814 2448
1.55816 2454
1.55818 2458
1.55823 2733
1.55825 2734
1.55827 2735
1.55829 2736
1.55831 2737
1.55834 2738
1.55836 2739
1.55838 2740
1.5584 2741
1.55842 2742
1.55844 2743
1.55846 2744
1.55848 2745
1.5585 2746
1.55853 2747
1.55855 2748
1.55857 2749
1.55859 2751
1.55861 2752
1.55864 2753
1.55867 2754
1.55869 2755
1.55871 2756
1.55873 2757
1.55875 2758
1.55879 2759
1.55881 2761
1.55883 2762
1.55885 2764
1.55888 2765
1.5589 2766
1.55892 2767
1.55894 2768
1.55896 2770
1.55899 2772
1.55901 2773
1.55906 2775
1.55908 2776
1.5591 2777
1.55912 2778
1.55914 2780
1.55916 2781
1.55918 2782
1.55921 2783
1.55923 2784
1.55926 2785
1.55928 2786
1.5593 2787
1.55932 2789
1.55934 2790
1.5594 2792
1.55941 2793
1.55946 2795
1.55948 2796
1.55952 2800
1.5684 2321
1.56845 2369
1.56861 2376
1.56865 2378
1.56876 2380
1.56881 2384
1.56886 2386
1.56888 2389
1.56891 2396
1.56894 2400
1.56896 2403
1.56898 2405
1.569 2407
1.56907 2417
1.56909 2422
1.56911 2432
1.56914 2434
1.56917 2436
1.56919 2438
1.56923 2445
1.56925 2447
1.56929 2462
1.56931 2474
1.56933 2476
1.56937 2480
1.56941 2488
1.56944 2490
1.56948 2801
1.56951 2802
1.56953 2803
1.56957 2805
1.5696 2806
1.56962 2807
1.56965 2808
1.56967 2810
1.56969 2811
1.56972 2812
1.56974 2813
1.56977 2814
1.56979 2815
1.56981 2816
1.56984 2817
1.56986 2818
1.56988 2819
1.5699 2820
1.56992 2822
1.56994 2823
1.56996 2824
1.56998 2825
1.57 2826
1.57002 2827
1.57005 2828
1.57007 2830
1.57009 2831
1.57011 2832
1.57014 2834
1.57016 2835
1.5702 2837
1.57023 2838
1.57025 2839
1.57027 2840
1.57029 2841
1.57031 2842
1.57033 2843
1.57037 2845
1.57039 2846
1.57042 2847
1.57045 2848
1.57047 2849
1.5705 2850
1.57052 2851
1.57054 2852
1.57056 2853
1.57058 2854
1.5706 2855
1.57063 2856
1.57065 2857
1.57067 2858
1.57069 2859
1.57072 2860
1.57283 2861
1.57287 2862
1.57952 2432
1.57957 2434
1.57961 2435
1.57967 2436
1.57975 2438
1.57979 2445
1.57981 2447
1.57983 2454
1.57985 2458
1.57987 2462
1.5799 2474
1.57995 2479
1.57997 2480
1.58 2488
1.58002 2490
1.58004 2494
1.58008 2520
1.5801 2524
1.58012 2525
1.58015 2540
1.58017 2543
1.58019 2555
1.58021 2559
1.58025 2576
1.5803 2578
1.58033 2579
1.58035 2864
1.58037 2866
1.5804 2868
1.58042 2869
1.58046 2871
1.5805 2875
1.58052 2876
1.58054 2877
1.58057 2878
1.58064 2881
1.58066 2882
1.58068 2883
1.58072 2885
1.58074 2886
1.58076 2887
1.58078 2889
1.58082 2892
1.58084 2893
1.58086 2895
1.58089 2898
1.58091 2900
1.58093 2901
1.58096 2902
1.58098 2903
1.581 2904
1.58102 2905
1.58104 2906
1.58108 2907
1.5811 2909
1.58112 2910
1.58115 2911
1.58117 2912
1.58119 2913
1.58214 2914
1.58216 2915
1.58218 2917
1.5822 2919
1.58224 2920
1.58227 2921
1.58229 2922
1.58231 2923
1.58233 2924
1.58235 2925
1.59063 2435
1.59067 2436
1.59076 2438
1.5908 2439
1.59086 2445
1.59091 2447
1.591 2448
1.59105 2454
1.5911 2462
1.59119 2476
1.59123 2479
1.59133 2488
1.59141 2490
1.59145 2494
1.59149 2511
1.59156 2520
1.59162 2526
1.59168 2538
1.59178 2540
1.59183 2543
1.59185 2555
1.59188 2559
1.59191 2565
1.59197 2574
1.59199 2576
1.59226 2577
1.59237 2579
1.59242 2582
1.59247 2589
1.59249 2609
1.59251 2610
1.59254 2620
1.59256 2926
1.59258 2927
1.5926 2928
1.59263 2929
1.59265 2931
1.59267 2932
1.59274 2935
1.59277 2936
1.59281 2938
1.59287 2940
1.5929 2941
1.59292 2943
1.59294 2944
1.59297 2945
1.59299 2946
1.59304 2948
1.59306 2949
1.59309 2950
1.5931 2951
1.59312 2952
1.59315 2953
1.59318 2954
1.5932 2955
1.59323 2956
1.5933 2959
1.59332 2960
1.59334 2961
1.59336 2962
1.59338 2963
1.59342 2964
1.59344 2965
1.59346 2967
1.59348 2968
1.59351 2969
1.59353 2970
1.5936 2973
1.59362 2975
1.59365 2976
1.59367 2977
1.59372 2979
1.59376 2980
1.59378 2981
1.59381 2982
1.60174 2439
1.60178 2479
1.60182 2520
1.60184 2522
1.60187 2524
1.6019 2526
1.60192 2527
1.60219 2538
1.60221 2540
1.60224 2543
1.60226 2555
1.60233 2565
1.60235 2574
1.60238 2575
1.6024 2576
1.60242 2577
1.60244 2579
1.60246 2582
1.60248 2589
1.6025 2592
1.60253 2609
1.60255 2983
1.60257 2984
1.60259 2985
1.60262 2986
1.60265 2987
1.60267 2988
1.60269 2989
1.60271 2990
1.60273 2992
1.60275 2993
1.60278 2994
1.6028 2995
1.60282 2996
1.60284 2997
1.60287 2998
1.60289 2999
1.60292 3000
1.60295 3001
1.60297 3002
1.60299 3003
1.60301 3004
1.60303 3005
1.60307 3007
1.60309 3008
1.60312 3009
1.60314 3010
1.60316 3012
1.6032 3015
1.60322 3017
1.60324 3018
1.60327 3019
1.60329 3020
1.60331 3021
1.60333 3022
1.60335 3023
1.60337 3024
1.60339 3025
1.60341 3026
1.60343 3027
1.60346 3028
1.60348 3029
1.60351 3030
1.60353 3031
1.60355 3032
1.60357 3033
1.60359 3034
1.60361 3035
1.60364 3036
1.60366 3037
1.60368 3038
1.60371 3039
1.60373 3040
1.60377 3042
1.60379 3043
1.60381 3044
1.60384 3045
1.60387 3046
1.60389 3047
1.60391 3048
1.60393 3049
1.60395 3051
1.60397 3052
1.60401 3053
1.61288 2522
1.61292 2526
1.61301 2527
1.61309 2565
1.61313 2574
1.61318 2575
1.61322 2582
1.61325 2589
1.61329 2592
1.61331 2609
1.61352 2626
1.61357 2634
1.61361 2643
1.61365 2647
1.6137 2652
1.61374 2660
1.6138 2661
1.61385 2668
1.61389 3055
1.61394 3056
1.61399 3057
1.61407 3059
1.61414 3061
1.61419 3062
1.61423 3063
1.61427 3064
1.61429 3065
1.61431 3067
1.61434 3068
1.61435 3069
1.61437 3070
1.61439 3071
1.61442 3072
1.61447 3073
1.6145 3074
1.61453 3075
1.61456 3076
1.61458 3079
1.6146 3080
1.61462 3081
1.61464 3082
1.61467 3083
1.6147 3084
1.61475 3086
1.61478 3087
1.6148 3088
1.61483 3089
1.61485 3090
1.61488 3091
1.6149 3092
1.61493 3093
1.61498 3095
1.61575 3098
1.61577 3099
1.61593 3100
1.61595 3101
1.616 3102
1.61602 3103
1.61604 3104
1.61607 3105
1.61609 3106
1.61611 3107
1.61615 3109
1.6162 3111
1.61622 3112
1.61624 3115
1.61628 3117
1.6163 3119
1.61632 3120
1.61634 3121
1.61636 3122
1.61639 3123
1.61642 3124
1.61644 3125
1.62401 2593
1.62405 2625
1.6241 2626
1.62415 2643
1.62421 2647
1.62428 2660
1.62434 2661
1.62439 2664
1.62445 2668
1.6245 2676
1.62456 2685
1.62461 2689
1.62466 2691
1.62471 2698
1.62476 2699
1.62485 2702
1.6249 2707
1.62498 2710
1.625 2711
1.62502 2723
1.62504 2726
1.62508 3126
1.62538 3127
1.6254 3128
1.62541 3129
1.62555 3130
1.62559 3131
1.62564 3132
1.6257 3133
1.62574 3134
1.62579 3135
1.62581 3136
1.62583 3137
1.62586 3138
1.62589 3139
1.62591 3140
1.62614 3141
1.62619 3142
1.62625 3143
1.6264 3144
1.62644 3145
1.6265 3146
1.62657 3147
1.62665 3149
1.62673 3150
1.62675 3151
1.62677 3152
1.6268 3153
1.62682 3155
1.62685 3156
1.62687 3157
1.6269 3158
1.62692 3159
1.62694 3160
1.62696 3161
1.62701 3162
1.62703 3163
1.62705 3164
1.62707 3165
1.62712 3166
1.62715 3167
1.6272 3169
1.62722 3170
1.62726 3173
1.62728 3175
1.62731 3176
1.62733 3177
1.62735 3179
1.62737 3180
1.6274 3181
1.62742 3182
1.62744 3184
1.62746 3185
1.62748 3186
1.6275 3187
1.62752 3188
1.62754 3190
1.62756 3191
1.62758 3192
1.62916 3193
1.62921 3194
1.6293 3195
1.63507 2593
1.63512 2625
1.6352 2634
1.63525 2643
1.6353 2647
1.63535 2650
1.63537 2652
1.63539 2660
1.63542 2661
1.63544 2668
1.63546 2676
1.63548 2685
1.6355 2689
1.63552 2691
1.63554 2698
1.63557 2708
1.6356 2710
1.63562 2711
1.63564 2726
1.63568 2750
1.63572 2763
1.63575 2769
1.63609 2771
1.63612 2774
1.63614 2779
1.63617 2788
1.63619 2791
1.63621 2794
1.63624 2797
1.63626 2798
1.63629 2799
1.63631 2804
1.63633 2809
1.63635 3196
1.63637 3197
1.6364 3198
1.63644 3200
1.63646 3201
1.63649 3202
1.63651 3203
1.63654 3204
1.63656 3205
1.6366 3208
1.63662 3209
1.63666 3210
1.63669 3211
1.63671 3212
1.63673 3213
1.63675 3214
1.63677 3216
1.63679 3217
1.63682 3218
1.63684 3219
1.63686 3220
1.63689 3221
1.63691 3222
1.63694 3223
1.63696 3224
1.63698 3225
1.637 3226
1.63703 3227
1.63705 3228
1.63709 3231
1.63711 3232
1.63714 3233
1.63716 3234
1.63718 3236
1.63721 3238
1.63723 3239
1.63726 3240
1.63728 3241
1.6373 3242
1.63732 3243
1.63734 3244
1.63737 3246
1.63741 3249
1.63743 3250
1.63746 3251
1.63748 3252
1.63751 3253
1.63753 3254
1.64618 2593
1.64624 2625
1.64629 2650
1.64631 2685
1.64634 2689
1.64636 2691
1.64641 2698
1.64643 2699
1.64645 2702
1.64647 2707
1.64649 2710
1.64651 2711
1.64654 2723
1.64656 2726
1.64658 2727
1.6466 2750
1.64662 2760
1.64665 2769
1.64667 2771
1.64669 2774
1.64672 2779
1.64675 2788
1.64678 2791
1.6468 2794
1.64682 2797
1.64685 2798
1.64689 2809
1.64691 2821
1.64693 2829
1.647 2844
1.64703 2863
1.64705 2865
1.64707 2867
1.64709 2870
1.64712 2872
1.64715 2873
1.64717 2874
1.64719 2879
1.64721 2880
1.64724 2884
1.64726 2890
1.64729 2891
1.64731 2894
1.64733 3255
1.64736 3256
1.64738 3257
1.6474 3258
1.64743 3259
1.64745 3261
1.6475 3264
1.64752 3266
1.64755 3267
1.64759 3269
1.64761 3270
1.64763 3271
1.64768 3274
1.64771 3275
1.64773 3276
1.64776 3277
1.64778 3278
1.64782 3279
1.64784 3280
1.64786 3281
1.64788 3282
1.64808 3286
1.64811 3287
1.64813 3288
1.64815 3289
1.64817 3290
1.64822 3292
1.64824 3294
1.64826 3295
1.6483 3298
1.64833 3299
1.64835 3301
1.64837 3302
1.65729 2708
1.65739 2727
1.65745 2760
1.65751 2763
1.65753 2769
1.65756 2771
1.65758 2774
1.6576 2788
1.65763 2794
1.65765 2797
1.65767 2798
1.65769 2799
1.65771 2804
1.65773 2809
1.65776 2821
1.65778 2829
1.65781 2833
1.65782 2836
1.65785 2844
1.65787 2863
1.65789 2865
1.65791 2867
1.65793 2870
1.65795 2872
1.65798 2873
1.658 2874
1.65802 2879
1.65805 2880
1.65808 2884
1.6581 2888
1.65812 2890
1.65814 2891
1.65827 2899
1.65829 2908
1.65831 2918
1.65833 2930
1.65835 2934
1.65838 2937
1.6584 2939
1.65842 2942
1.65844 2957
1.65846 2958
1.65852 2971
1.65855 2972
1.65857 2974
1.65859 3303
1.65861 3304
1.65863 3305
1.65865 3306
1.65868 3308
1.65871 3309
1.65873 3310
1.65875 3311
1.65877 3312
1.65879 3313
1.65882 3314
1.65885 3315
1.65889 3319
1.65891 3320
1.65893 3321
1.65895 3322
1.65897 3323
1.659 3324
1.65904 3327
1.65908 3328
1.65912 3330
1.65914 3331
1.65918 3332
1.65921 3334
1.65923 3335
1.65926 3336
1.65928 3337
1.6593 3338
1.65932 3339
1.65935 3340
1.65937 3341
1.65939 3342
1.65941 3344
1.65943 3345
1.65945 3346
1.66841 2760
1.66845 2821
1.6685 2833
1.66859 2836
1.66868 2867
1.66872 2870
1.66877 2872
1.66881 2873
1.66883 2874
1.66885 2879
1.66887 2880
1.6689 2888
1.66892 2891
1.66894 2894
1.66896 2896
1.66898 2897
1.669 2899
1.66903 2916
1.66905 2918
1.6694 2930
1.66944 2934
1.66946 2937
1.66948 2939
1.66951 2942
1.66953 2947
1.66955 2957
1.66957 2966
1.66959 2971
1.66961 2972
1.66963 2974
1.66965 2978
1.66968 2991
1.6697 3014
1.66972 3016
1.66974 3041
1.66978 3347
1.6698 3348
1.66982 3349
1.66984 3350
1.66986 3351
1.66988 3352
1.66991 3353
1.66993 3354
1.66995 3355
1.66997 3356
1.67002 3358
1.67005 3360
1.67007 3361
1.67009 3362
1.67013 3365
1.67016 3366
1.67018 3367
1.6702 3368
1.67022 3369
1.67025 3370
1.67027 3371
1.67029 3372
1.67031 3373
1.67035 3375
1.67039 3379
1.67041 3380
1.67043 3381
1.67046 3382
1.67048 3383
1.6705 3384
1.67052 3385
1.67054 3386
1.67056 3387
1.6706 3389
1.67063 3390
1.67065 3391
1.67067 3392
1.67069 3393
1.67072 3394
1.67074 3395
1.67076 3396
1.67952 2836
1.67959 2896
1.67963 2897
1.67967 2916
1.67969 2918
1.67971 2930
1.67974 2934
1.67977 2937
1.67979 2947
1.67981 2957
1.67985 2966
1.67987 2971
1.67989 2972
1.67991 2974
1.67994 2978
1.67997 2991
1.68 3006
1.68002 3013
1.68006 3016
1.68009 3041
1.68011 3050
1.68013 3054
1.68015 3058
1.68017 3060
1.6802 3077
1.68021 3078
1.68023 3085
1.68029 3097
1.68031 3108
1.68034 3110
1.68036 3113
1.68181 3114
1.68186 3118
1.68188 3397
1.6819 3398
1.682 3399
1.68206 3402
1.68211 3403
1.68219 3404
1.68225 3405
1.6823 3406
1.68236 3407
1.68238 3409
1.68246 3410
1.6825 3412
1.68255 3413
1.68262 3415
1.68264 3417
1.68266 3419
1.68269 3420
1.68271 3421
1.68274 3422
1.68276 3423
1.68278 3425
1.6828 3426
1.68282 3427
1.68284 3428
1.68286 3429
1.68288 3430
1.6829 3431
1.68292 3432
1.68334 3433
1.68336 3434
1.68344 3435
1.68346 3436
1.68348 3437
1.68351 3438
1.68353 3440
1.68355 3441
1.68357 3442
1.6836 3443
1.68362 3444
1.68364 3445
1.68366 3446
1.68369 3447
1.69063 2833
1.69069 2836
1.69071 2888
1.69081 2896
1.69089 2897
1.69095 2899
1.691 2908
1.69105 2916
1.69114 2918
1.6912 2930
1.69129 2933
1.69135 2937
1.6914 2939
1.69142 2942
1.69143 2947
1.69146 2958
1.69148 2966
1.6915 2971
1.69152 2972
1.69155 2974
1.69178 2991
1.6918 3006
1.69182 3011
1.69184 3013
1.69187 3014
1.69189 3016
1.69192 3041
1.69196 3054
1.69198 3058
1.692 3060
1.69202 3066
1.69205 3078
1.69208 3085
1.6921 3096
1.69212 3097
1.69215 3108
1.69217 3110
1.69218 3114
1.69223 3118
1.69225 3148
1.69227 3154
1.69229 3168
1.69231 3172
1.69233 3174
1.69235 3450
1.69237 3452
1.6924 3453
1.69242 3454
1.69245 3455
1.69247 3456
1.69249 3457
1.69256 3459
1.69258 3460
1.6926 3461
1.69262 3462
1.69264 3463
1.69266 3465
1.69269 3467
1.69272 3469
1.69277 3471
1.6928 3472
1.69282 3473
1.69284 3474
1.69286 3475
1.69288 3476
1.6929 3477
1.69292 3478
1.69295 3479
1.69297 3480
1.693 3481
1.69302 3482
1.69304 3483
1.69307 3484
1.69309 3485
1.69311 3486
1.69313 3487
1.69318 3489
1.69323 3492
1.69325 3493
1.69328 3494
1.6933 3495
1.70176 3006
1.7018 3011
1.70182 3013
1.70194 3058
1.70198 3060
1.70206 3066
1.70211 3077
1.70218 3078
1.70227 3085
1.70231 3096
1.70234 3097
1.70236 3113
1.70241 3114
1.70262 3116
1.70267 3148
1.70271 3154
1.70277 3172
1.70279 3174
1.70283 3178
1.70285 3496
1.7029 3499
1.70293 3500
1.70295 3501
1.70297 3502
1.70299 3503
1.70302 3504
1.70305 3505
1.70307 3506
1.7031 3507
1.70312 3508
1.70314 3509
1.70317 3511
1.70321 3512
1.70326 3514
1.70329 3515
1.70334 3517
1.70337 3518
1.70339 3519
1.70341 3520
1.70344 3521
1.70347 3523
1.70349 3524
1.70352 3525
1.70354 3526
1.70356 3527
1.70359 3528
1.70361 3529
1.70363 3530
1.70366 3531
1.70368 3532
1.70371 3533
1.70373 3535
1.70375 3537
1.70377 3538
1.7038 3539
1.70384 3541
1.70386 3542
1.70388 3543
1.7039 3544
1.70392 3545
1.70394 3546
1.70396 3547
1.70398 3548
1.704 3549
1.70403 3550
1.70405 3551
1.70407 3552
1.70409 3553
1.70411 3557
1.70413 3558
1.70416 3560
1.70418 3561
1.7042 3562
1.70423 3563
1.70427 3565
1.70429 3566
1.70432 3567
1.71285 2933
1.7129 3011
1.71295 3066
1.71299 3094
1.71305 3096
1.71313 3148
1.71319 3168
1.71324 3171
1.71331 3172
1.71336 3174
1.71342 3178
1.71346 3183
1.71351 3189
1.71355 3568
1.7136 3569
1.71365 3570
1.71369 3571
1.71375 3572
1.7138 3573
1.71385 3574
1.7139 3575
1.71395 3576
1.71399 3577
1.71401 3578
1.71403 3579
1.71405 3580
1.71407 3581
1.71411 3582
1.71413 3583
1.71416 3584
1.71418 3586
1.7142 3587
1.71423 3588
1.71425 3589
1.71427 3590
1.71429 3591
1.71431 3593
1.71434 3594
1.71436 3595
1.71438 3596
1.7144 3597
1.71442 3598
1.71447 3600
1.7156 3603
1.71567 3604
1.71571 3606
1.71573 3607
1.71577 3608
1.7158 3609
1.71582 3610
1.71584 3611
1.71586 3612
1.71589 3613
1.71594 3616
1.71596 3617
1.71598 3619
1.716 3620
1.71603 3621
1.71609 3623
1.71614 3625
1.71616 3627
1.71618 3628
1.71621 3629
1.71623 3630
1.71627 3632
1.7163 3633
1.71632 3634
1.71634 3635
1.71637 3637
1.71641 3639
1.71644 3640
1.71646 3641
1.71648 3642
1.7165 3643
1.71652 3644
1.71655 3645
1.71657 3646
1.71659 3647
1.71664 3650
1.71666 3651
1.72398 3116
1.724 3171
1.72402 3178
1.72404 3183
1.72416 3199
1.72418 3206
1.72428 3215
1.72439 3229
1.72441 3235
1.72443 3237
1.72445 3245
1.72447 3247
1.7245 3248
1.72452 3260
1.72454 3262
1.72456 3263
1.72458 3265
1.7246 3652
1.72462 3653
1.72464 3654
1.72466 3655
1.72468 3656
1.7247 3657
1.72474 3660
1.72476 3661
1.72479 3662
1.72481 3663
1.72483 3664
1.72485 3665
1.72487 3666
1.72489 3667
1.72492 3669
1.72494 3671
1.72499 3672
1.72501 3673
1.72504 3674
1.72506 3675
1.72509 3676
1.72511 3677
1.72514 3678
1.72516 3679
1.72519 3680
1.72523 3681
1.72527 3683
1.72534 3686
1.72537 3687
1.7254 3688
1.72545 3690
1.72547 3691
1.72551 3694
1.72554 3695
1.72556 3696
1.72559 3697
1.72562 3698
1.72564 3699
1.72566 3700
1.72568 3701
1.72687 3704
1.72689 3705
1.72692 3706
1.72696 3708
1.72698 3709
1.72701 3710
1.72705 3712
1.72708 3713
1.7271 3714
1.72712 3715
1.72714 3716
1.72717 3717
1.72719 3718
1.72721 3719
1.72723 3720
1.72726 3721
1.72728 3723
1.72735 3724
1.72737 3725
1.72739 3726
1.72771 3727
1.72773 3728
1.72775 3729
1.72777 3730
1.73507 3094
1.73514 3183
1.73516 3189
1.73521 3206
1.73523 3207
1.73525 3215
1.73528 3229
1.7353 3230
1.73532 3237
1.73534 3245
1.73536 3247
1.73543 3262
1.73545 3263
1.73547 3268
1.73549 3272
1.73554 3283
1.73556 3284
1.73559 3285
1.73564 3293
1.73566 3297
1.73568 3307
1.73571 3316
1.73573 3317
1.73575 3318
1.73579 3731
1.73581 3732
1.73583 3733
1.73585 3734
1.73587 3735
1.7359 3736
1.73595 3738
1.73597 3740
1.73599 3741
1.73601 3742
1.73603 3743
1.73605 3744
1.73607 3745
1.7361 3747
1.73612 3748
1.73615 3749
1.73617 3750
1.73619 3751
1.73621 3752
1.73624 3753
1.73629 3756
1.73632 3757
1.73634 3758
1.73636 3759
1.73638 3760
1.7364 3761
1.73642 3762
1.73644 3763
1.73646 3764
1.73648 3765
1.7365 3766
1.73654 3769
1.73659 3772
1.73661 3773
1.73663 3774
1.73665 3775
1.73667 3777
1.73669 3778
1.73671 3779
1.73673 3780
1.73675 3781
1.73677 3782
1.73679 3783
1.73681 3784
1.73686 3786
1.73689 3787
1.73691 3788
1.73694 3790
1.73696 3791
1.73698 3792
1.73702 3794
1.73704 3795
1.73707 3796
1.74618 3199
1.74626 3206
1.74631 3207
1.74636 3229
1.74641 3230
1.74645 3235
1.7465 3237
1.74658 3245
1.74664 3247
1.7467 3248
1.74674 3260
1.74681 3263
1.74691 3265
1.74696 3268
1.74698 3272
1.747 3283
1.74702 3285
1.74708 3293
1.7471 3297
1.74712 3300
1.74719 3317
1.74721 3318
1.74723 3325
1.74725 3326
1.74727 3329
1.74732 3343
1.74734 3357
1.74737 3363
1.74739 3364
1.74741 3376
1.74743 3377
1.74745 3378
1.74747 3388
1.74749 3400
1.74751 3401
1.74754 3797
1.74757 3798
1.74759 3799
1.74762 3800
1.74764 3801
1.74766 3803
1.74769 3804
1.74772 3805
1.74775 3806
1.74777 3807
1.7478 3808
1.74785 3810
1.74787 3811
1.74789 3812
1.74791 3813
1.74794 3814
1.74798 3817
1.748 3818
1.74804 3820
1.74807 3821
1.74809 3822
1.74814 3824
1.74816 3825
1.74818 3826
1.74821 3827
1.74823 3828
1.74825 3829
1.74827 3831
1.74834 3834
1.74836 3835
1.74838 3837
1.7484 3838
1.74842 3840
1.74845 3841
1.74847 3842
1.74849 3843
1.74851 3844
1.74853 3845
1.74856 3846
1.74858 3847
1.7486 3848
1.74862 3849
1.74864 3850
1.75729 3230
1.75735 3268
1.75742 3272
1.75748 3273
1.7575 3283
1.75752 3284
1.75754 3291
1.75756 3293
1.75758 3296
1.75764 3300
1.75792 3307
1.75799 3318
1.75805 3333
1.75809 3343
1.75813 3357
1.7582 3363
1.75825 3364
1.75831 3374
1.75833 3376
1.75835 3377
1.75838 3378
1.75843 3400
1.75845 3401
1.7585 3411
1.75858 3416
1.75897 3424
1.75906 3448
1.75911 3449
1.75916 3451
1.75922 3458
1.75926 3464
1.75935 3466
1.75939 3470
1.75941 3488
1.75943 3490
1.75945 3491
1.75947 3851
1.7595 3852
1.75957 3854
1.75959 3855
1.75996 3856
1.76 3857
1.76005 3858
1.76011 3859
1.76016 3860
1.76023 3861
1.76028 3862
1.76035 3863
1.7604 3864
1.76046 3865
1.7605 3866
1.76054 3867
1.76059 3869
1.76064 3870
1.76069 3871
1.76071 3872
1.7608 3874
1.76082 3875
1.76084 3877
1.76087 3879
1.76089 3880
1.76092 3883
1.76094 3884
1.76096 3885
1.76099 3886
1.76136 3887
1.76141 3889
1.76143 3890
1.76147 3893
1.7615 3894
1.76152 3895
1.76154 3896
1.76156 3897
1.76159 3898
1.76161 3899
1.7684 3273
1.76846 3291
1.76848 3296
1.76849 3300
1.76852 3325
1.76855 3326
1.76859 3333
1.76862 3343
1.76867 3359
1.76869 3363
1.76872 3376
1.76875 3377
1.76877 3378
1.76879 3388
1.76882 3400
1.76884 3401
1.76886 3408
1.76888 3414
1.7689 3416
1.76892 3418
1.76895 3424
1.76898 3439
1.769 3449
1.76903 3451
1.76905 3464
1.76907 3466
1.76909 3470
1.76916 3491
1.76918 3497
1.7692 3498
1.76923 3510
1.76925 3513
1.76928 3516
1.76933 3522
1.76941 3554
1.76943 3555
1.76945 3556
1.7695 3900
1.76952 3901
1.76954 3902
1.76956 3903
1.76959 3904
1.76963 3906
1.76966 3907
1.76968 3908
1.7697 3910
1.76973 3911
1.7698 3914
1.76982 3915
1.76984 3916
1.76986 3917
1.76989 3918
1.76991 3919
1.76993 3921
1.76995 3922
1.76997 3923
1.76999 3924
1.77002 3925
1.77004 3926
1.77006 3927
1.77008 3928
1.77011 3930
1.77015 3932
1.77017 3933
1.77019 3934
1.77022 3935
1.77024 3936
1.77026 3938
1.77028 3940
1.77031 3941
1.77033 3942
1.77035 3943
1.77037 3944
1.77039 3945
1.77041 3946
1.77044 3947
1.77952 3273
1.77957 3291
1.77962 3296
1.77966 3333
1.7797 3374
1.77972 3408
1.77976 3411
1.77979 3414
1.77983 3418
1.77985 3424
1.77988 3448
1.7799 3449
1.77994 3458
1.77997 3464
1.77999 3466
1.78001 3468
1.78003 3470
1.78006 3488
1.78008 3490
1.7801 3491
1.78016 3498
1.7802 3516
1.78023 3536
1.78026 3540
1.78028 3554
1.7803 3555
1.78033 3556
1.78036 3559
1.78039 3564
1.78041 3585
1.78044 3592
1.78046 3602
1.78049 3605
1.78052 3614
1.78054 3615
1.78056 3618
1.78058 3622
1.78061 3624
1.78063 3626
1.78066 3631
1.78069 3636
1.78071 3638
1.78073 3648
1.78075 3649
1.78079 3949
1.78081 3951
1.78083 3952
1.78085 3953
1.78087 3954
1.7809 3955
1.78093 3956
1.78095 3957
1.78097 3958
1.78099 3959
1.78102 3960
1.78105 3961
1.78111 3963
1.78113 3965
1.78115 3966
1.78122 3969
1.78124 3970
1.78126 3971
1.78128 3972
1.78131 3973
1.78134 3974
1.78136 3975
1.78138 3976
1.7814 3977
1.78142 3979
1.78144 3980
1.78146 3981
1.78148 3983
1.78151 3984
1.78158 3987
1.78163 3989
1.78165 3990
1.78167 3991
1.79063 3359
1.79068 3408
1.79072 3414
1.7908 3418
1.79082 3439
1.79084 3468
1.79086 3497
1.79088 3498
1.79114 3513
1.79118 3516
1.79122 3536
1.79125 3540
1.79128 3554
1.79129 3555
1.79133 3556
1.79138 3564
1.7914 3585
1.79142 3592
1.79145 3599
1.79147 3601
1.79149 3605
1.79151 3614
1.79153 3615
1.79158 3622
1.79195 3624
1.79202 3631
1.79208 3636
1.79215 3638
1.79219 3648
1.79228 3659
1.79232 3668
1.79236 3670
1.79248 3689
1.79252 3692
1.79254 3693
1.79256 3703
1.79263 3707
1.79271 3711
1.79276 3993
1.79284 3994
1.79294 3995
1.79296 3997
1.79312 3998
1.79317 3999
1.79321 4000
1.79323 4001
1.79329 4003
1.79336 4006
1.79338 4007
1.79341 4008
1.79343 4009
1.79345 4011
1.79347 4012
1.79349 4013
1.79351 4015
1.79353 4017
1.79355 4018
1.79358 4019
1.7936 4020
1.79364 4022
1.79366 4023
1.79368 4024
1.7937 4025
1.79375 4028
1.79378 4029
1.79381 4030
1.79383 4032
1.79385 4033
1.79387 4034
1.79389 4035
1.79392 4036
1.79394 4037
1.79396 4038
1.79398 4039
1.80174 3468
1.80178 3534
1.8018 3540
1.80193 3559
1.80202 3564
1.80204 3585
1.80207 3592
1.80209 3601
1.80216 3602
1.80218 3614
1.8022 3615
1.80222 3618
1.80227 3624
1.80255 3626
1.80262 3631
1.80268 3636
1.8027 3638
1.80275 3649
1.80277 3658
1.80282 3668
1.80284 3670
1.80287 3682
1.80289 3684
1.80291 3685
1.80293 3689
1.80295 3692
1.80297 3693
1.80299 3702
1.80301 3703
1.80306 3707
1.80308 3722
1.8031 3737
1.80312 3739
1.80314 3746
1.80316 3754
1.8032 3755
1.80322 3767
1.80326 3770
1.80329 3771
1.80331 3776
1.80333 4042
1.80335 4043
1.80337 4044
1.80342 4045
1.80344 4046
1.80347 4047
1.80349 4048
1.80351 4049
1.80356 4051
1.80358 4052
1.80361 4054
1.80363 4055
1.80365 4056
1.80367 4057
1.80369 4058
1.80371 4059
1.80373 4060
1.80375 4061
1.80378 4062
1.8038 4063
1.80387 4064
1.80389 4065
1.80392 4066
1.80394 4067
1.80398 4069
1.804 4070
1.80403 4071
1.80405 4072
1.80407 4074
1.80409 4075
1.80411 4076
1.80413 4077
1.80415 4079
1.80418 4081
1.8042 4082
1.80422 4083
1.80424 4084
1.80426 4085
1.80428 4087
1.8043 4088
1.80432 4089
1.80434 4090
1.80437 4091
1.80439 4092
1.80442 4093
1.81285 3534
1.81291 3599
1.81299 3659
1.81303 3670
1.81307 3684
1.81309 3685
1.81311 3689
1.81313 3692
1.81316 3693
1.81318 3702
1.8132 3703
1.81322 3707
1.81324 3711
1.81326 3722
1.81328 3737
1.81331 3739
1.81333 3746
1.81335 3754
1.81337 3755
1.81339 3767
1.81341 3768
1.81343 3770
1.81345 3771
1.81348 3776
1.81355 3793
1.81358 3802
1.8136 3809
1.81362 3815
1.81364 3816
1.81366 3819
1.81368 3832
1.8137 3833
1.81372 3839
1.81374 4094
1.81377 4095
1.81382 4097
1.81384 4098
1.81387 4099
1.8139 4100
1.81393 4101
1.81395 4102
1.81398 4103
1.814 4105
1.81403 4106
1.81405 4107
1.81407 4108
1.81413 4110
1.81415 4111
1.81417 4112
1.81419 4113
1.81421 4114
1.81424 4115
1.81426 4116
1.81428 4117
1.8143 4118
1.81433 4119
1.81435 4120
1.81437 4121
1.8144 4122
1.81444 4124
1.81449 4126
1.81451 4127
1.81455 4128
1.81457 4129
1.81462 4131
1.81465 4133
1.81467 4134
1.81469 4135
1.81673 4138
1.81678 4139
1.81683 4141
1.81685 4142
1.81687 4143
1.81691 4145
1.81696 4146
1.81698 4147
1.81702 4150
1.81705 4151
1.82396 3534
1.82402 3658
1.82406 3682
1.82411 3685
1.82413 3702
1.82425 3722
1.82435 3737
1.8244 3754
1.82442 3755
1.82446 3767
1.82448 3770
1.82471 3771
1.82476 3776
1.8248 3785
1.82485 3789
1.82496 3793
1.82506 3802
1.82514 3815
1.82521 3816
1.82526 3819
1.82528 3823
1.82538 3830
1.82547 3832
1.82553 3836
1.82558 3839
1.82563 3853
1.82569 3868
1.82579 3876
1.82584 3878
1.82589 3881
1.82596 3888
1.82604 3892
1.82609 4152
1.82613 4153
1.82618 4155
1.82624 4157
1.82629 4158
1.82636 4159
1.82647 4163
1.82649 4164
1.82651 4165
1.82654 4166
1.82689 4167
1.82694 4168
1.827 4169
1.82707 4170
1.82709 4171
1.82711 4172
1.82714 4173
1.82717 4174
1.8272 4175
1.82722 4176
1.82724 4177
1.82726 4178
1.82728 4179
1.8273 4181
1.82733 4182
1.82735 4183
1.82737 4184
1.82739 4185
1.82741 4186
1.82744 4187
1.82746 4188
1.82748 4190
1.82752 4193
1.82754 4194
1.82757 4195
1.82759 4196
1.82761 4197
1.82764 4198
1.82767 4199
1.82769 4200
1.82771 4201
1.82773 4202
1.82775 4203
1.82777 4204
1.82782 4206
1.82784 4207
1.82787 4209
1.8279 4210
1.83507 3658
1.83509 3682
1.8352 3684
1.83526 3702
1.83532 3722
1.8354 3746
1.83544 3755
1.8355 3767
1.83554 3768
1.83565 3770
1.83574 3776
1.83579 3785
1.83584 3789
1.83598 3816
1.83608 3823
1.83616 3832
1.83618 3833
1.8362 3836
1.83622 3839
1.83624 3853
1.83626 3868
1.83655 3876
1.8366 3878
1.83666 3888
1.83668 3891
1.8367 3892
1.83672 3905
1.83674 3909
1.83676 3912
1.83678 3913
1.83681 3920
1.83686 3931
1.83688 3937
1.8369 3939
1.83692 3948
1.83694 3950
1.83696 4211
1.83699 4213
1.83704 4215
1.83706 4216
1.8371 4219
1.83712 4220
1.83714 4221
1.83716 4224
1.83718 4225
1.83721 4226
1.83724 4230
1.83727 4231
1.83729 4232
1.83734 4234
1.83736 4235
1.83738 4236
1.83743 4238
1.83745 4239
1.83748 4240
1.8375 4241
1.83755 4242
1.83759 4244
1.83761 4245
1.83764 4246
1.83766 4248
1.83768 4249
1.8377 4251
1.83772 4252
1.83775 4254
1.8378 4256
1.84618 3785
1.84624 3789
1.84631 3823
1.84639 3830
1.84644 3836
1.84648 3868
1.84653 3873
1.84658 3878
1.8466 3881
1.84662 3882
1.84664 3888
1.84667 3891
1.84669 3892
1.84671 3905
1.84675 3909
1.84682 3912
1.84684 3913
1.84686 3920
1.84688 3929
1.84692 3937
1.84694 3939
1.84696 3948
1.84699 3950
1.84701 4261
1.84703 4262
1.84706 4263
1.84708 4264
1.84712 4266
1.84714 4267
1.84717 4268
1.84719 4269
1.84721 4270
1.84723 4272
1.84725 4273
1.84727 4275
1.84729 4276
1.84732 4277
1.84737 4280
1.84739 4281
1.84744 4282
1.84746 4283
1.84748 4284
1.8475 4285
1.84756 4287
1.84758 4288
1.8476 4290
1.84762 4291
1.84764 4292
1.84767 4293
1.84769 4294
1.84772 4296
1.84774 4297
1.84776 4298
1.84778 4300
1.8478 4301
1.84783 4303
1.84788 4306
1.8479 4308
1.84793 4309
1.84795 4310
1.84797 4311
1.84799 4312
1.84802 4313
1.84804 4314
1.84807 4315
1.84809 4316
1.84812 4318
1.84814 4319
1.8482 4321
1.84822 4322
1.84824 4323
1.84826 4324
1.84828 4325
1.84831 4326
1.84833 4327
1.84836 4328
1.84839 4329
1.84841 4330
1.84843 4331
1.84848 4333
1.85729 3873
1.85731 3891
1.85739 3905
1.85745 3912
1.8575 3913
1.85757 3929
1.85763 3931
1.85772 3937
1.85777 3939
1.85782 3962
1.85784 3964
1.85789 3968
1.85791 3982
1.85793 3985
1.85796 3986
1.85799 4334
1.85801 4335
1.85803 4336
1.85805 4337
1.85808 4338
1.8581 4339
1.85814 4342
1.85816 4343
1.85818 4344
1.85823 4346
1.85826 4349
1.85829 4350
1.85834 4352
1.85836 4353
1.8584 4356
1.85842 4357
1.85845 4358
1.85848 4359
1.8585 4360
1.85853 4363
1.85856 4364
1.85858 4365
1.8586 4366
1.85863 4367
1.85865 4369
1.85867 4370
1.85869 4371
1.85872 4372
1.85875 4373
1.85877 4374
1.85879 4375
1.85881 4376
1.85884 4378
1.85886 4379
1.85888 4380
1.85891 4381
1.85894 4382
1.85896 4383
1.85898 4384
1.859 4385
1.85903 4386
1.85906 4387
1.85908 4388
1.8591 4390
1.85913 4391
1.85915 4392
1.85917 4393
1.85919 4394
1.85922 4395
1.85924 4396
1.85927 4397
1.85931 4399
1.85934 4400
1.85936 4401
1.85938 4402
1.8594 4403
1.85942 4404
1.85944 4405
1.85948 4406
1.85951 4409
1.86841 3882
1.86845 3929
1.8685 3964
1.86854 3967
1.86859 3968
1.86868 3978
1.86872 3982
1.86879 3992
1.86881 3996
1.86883 4002
1.86885 4004
1.86888 4005
1.86892 4014
1.86894 4016
1.86898 4027
1.869 4031
1.86902 4040
1.86904 4041
1.86908 4053
1.86913 4414
1.86915 4416
1.86917 4417
1.86919 4418
1.86922 4419
1.86924 4420
1.86926 4422
1.86928 4423
1.8693 4424
1.86932 4425
1.86934 4427
1.86936 4428
1.86938 4429
1.8694 4430
1.86942 4431
1.86946 4432
1.86948 4433
1.8695 4434
1.86952 4435
1.86954 4436
1.86956 4437
1.86959 4438
1.86961 4439
1.86963 4440
1.86968 4442
1.8697 4443
1.86972 4444
1.86974 4446
1.86976 4447
1.86978 4448
1.8698 4449
1.86982 4450
1.86984 4451
1.86987 4452
1.86989 4454
1.86991 4455
1.86993 4456
1.86995 4459
1.86998 4461
1.87 4462
1.87004 4464
1.87007 4465
1.8701 4466
1.87012 4467
1.87014 4468
1.87016 4469
1.87021 4471
1.87023 4472
1.87025 4473
1.87028 4474
1.8703 4476
1.87032 4477
1.87035 4478
1.8704 4480
1.87042 4481
1.87044 4483
1.87952 3882
1.87956 3929
1.87958 3962
1.8796 3964
1.87962 3967
1.87964 3968
1.87967 3982
1.87969 3985
1.8797 3986
1.87973 3988
1.87975 3992
1.87977 3996
1.87979 4002
1.87983 4010
1.87993 4027
1.87995 4031
1.87997 4040
1.87999 4041
1.88002 4053
1.88004 4068
1.88006 4078
1.88008 4086
1.8801 4096
1.88012 4104
1.88017 4484
1.88019 4485
1.88021 4486
1.88025 4488
1.88028 4489
1.8803 4490
1.88033 4491
1.88035 4492
1.88037 4493
1.8804 4494
1.88042 4495
1.88051 4499
1.88053 4500
1.88056 4501
1.88058 4502
1.8806 4503
1.88066 4505
1.88068 4506
1.8807 4507
1.88072 4508
1.88074 4510
1.88076 4511
1.8808 4512
1.88082 4513
1.88087 4516
1.88089 4517
1.88092 4518
1.88094 4519
1.88096 4520
1.88098 4521
1.88101 4522
1.88103 4523
1.88105 4524
1.88109 4527
1.88111 4528
1.88113 4529
1.88116 4530
1.88118 4531
1.88121 4532
1.88123 4533
1.88128 4538
1.8813 4539
1.88132 4540
1.88134 4541
1.88136 4542
1.88138 4543
1.8814 4544
1.88142 4546
1.88144 4547
1.88147 4548
1.89063 3967
1.89067 3988
1.89072 3992
1.89074 4002
1.89076 4004
1.89092 4005
1.89098 4010
1.891 4014
1.89102 4021
1.89106 4027
1.89108 4050
1.89111 4053
1.89113 4068
1.89116 4073
1.89118 4078
1.8912 4080
1.89122 4086
1.89124 4096
1.89128 4109
1.89131 4123
1.89133 4132
1.89136 4136
1.89138 4137
1.89143 4144
1.89145 4148
1.89147 4149
1.89149 4156
1.89151 4160
1.89154 4161
1.89156 4162
1.89158 4180
1.8916 4189
1.89235 4191
1.8924 4192
1.89246 4205
1.89251 4208
1.8926 4550
1.89265 4551
1.89271 4553
1.89276 4555
1.8928 4556
1.89288 4557
1.89293 4558
1.89298 4559
1.89306 4560
1.89313 4562
1.89318 4563
1.89326 4564
1.89333 4565
1.8934 4566
1.89344 4570
1.89346 4571
1.89349 4572
1.89351 4573
1.89373 4574
1.89383 4575
1.89388 4576
1.89393 4577
1.89398 4578
1.89404 4580
1.89408 4581
1.89413 4582
1.89419 4583
1.89423 4585
1.89427 4586
1.89433 4587
1.89437 4588
1.89443 4589
1.89445 4590
1.89447 4592
1.89449 4593
1.89459 4595
1.89461 4596
1.89463 4597
1.89465 4598
1.89468 4599
1.90174 4010
1.90176 4021
1.90184 4026
1.90189 4050
1.90196 4068
1.90198 4073
1.902 4078
1.90202 4080
1.90204 4086
1.90207 4104
1.90209 4109
1.90211 4123
1.90213 4125
1.90215 4130
1.90218 4136
1.90222 4140
1.90224 4148
1.90227 4149
1.90229 4156
1.90231 4160
1.90233 4161
1.90235 4162
1.90242 4189
1.90244 4191
1.90248 4205
1.90251 4208
1.90253 4212
1.90255 4217
1.90258 4218
1.9026 4223
1.90263 4227
1.90265 4228
1.90267 4233
1.9027 4237
1.90272 4243
1.90274 4250
1.90278 4255
1.90281 4257
1.90285 4259
1.9029 4260
1.90292 4265
1.90294 4274
1.90296 4278
1.90301 4279
1.90303 4602
1.90305 4603
1.90308 4604
1.90311 4605
1.90313 4607
1.90315 4608
1.90319 4610
1.90321 4611
1.90323 4612
1.90326 4614
1.90328 4615
1.90331 4616
1.90333 4617
1.90336 4618
1.90339 4619
1.90342 4620
1.90344 4621
1.90347 4622
1.9035 4623
1.90352 4624
1.90354 4625
1.90357 4626
1.9036 4627
1.90362 4628
1.90365 4629
1.90367 4630
1.90369 4631
1.90371 4632
1.90373 4633
1.90375 4634
1.90377 4635
1.90379 4636
1.90381 4638
1.90384 4639
1.90387 4640
1.90389 4641
1.91285 3988
1.9129 4010
1.91292 4021
1.91294 4026
1.91297 4050
1.91299 4068
1.91301 4073
1.91303 4078
1.91305 4080
1.91307 4086
1.91309 4096
1.91312 4104
1.91314 4109
1.91317 4123
1.9132 4130
1.91322 4132
1.91324 4136
1.91326 4137
1.91328 4140
1.91331 4144
1.91333 4148
1.91335 4149
1.91337 4156
1.9134 4160
1.91342 4162
1.91344 4180
1.91346 4189
1.91348 4191
1.91351 4192
1.91353 4205
1.91355 4212
1.91358 4214
1.91362 4218
1.91364 4222
1.91366 4227
1.91368 4228
1.9137 4229
1.91373 4233
1.91375 4237
1.91381 4247
1.91383 4250
1.91386 4253
1.91388 4255
1.91391 4258
1.91392 4259
1.91395 4260
1.91397 4265
1.91399 4274
1.91401 4278
1.91403 4286
1.91405 4289
1.91407 4299
1.91409 4302
1.91412 4304
1.91414 4305
1.91416 4307
1.91419 4317
1.91421 4320
1.91423 4332
1.91425 4340
1.91428 4341
1.91431 4345
1.91433 4347
1.91435 4348
1.91438 4351
1.9144 4354
1.91442 4355
1.91444 4361
1.91446 4362
1.91448 4642
1.91451 4643
1.91453 4644
1.91455 4646
1.91458 4648
1.9146 4650
1.91462 4651
1.91464 4652
1.91465 4653
1.9147 4655
1.91476 4659
1.91478 4660
1.91481 4661
1.92396 4026
1.924 4125
1.92405 4130
1.92407 4140
1.92409 4212
1.92411 4222
1.92413 4223
1.92415 4227
1.92418 4228
1.92421 4229
1.92424 4233
1.92428 4243
1.9243 4247
1.92432 4250
1.92434 4253
1.92436 4255
1.9244 4258
1.92485 4259
1.92489 4265
1.92495 4274
1.925 4278
1.92506 4286
1.9251 4289
1.92516 4299
1.92518 4302
1.92521 4304
1.92533 4305
1.9254 4307
1.92547 4320
1.92549 4332
1.92551 4340
1.92556 4345
1.92561 4347
1.92563 4348
1.92565 4351
1.92567 4361
1.92569 4362
1.92571 4377
1.92574 4389
1.92576 4398
1.92581 4407
1.92583 4408
1.92586 4411
1.92605 4412
1.92607 4413
1.92609 4415
1.92659 4421
1.92663 4426
1.92668 4441
1.92672 4445
1.92674 4453
1.92681 4457
1.92686 4662
1.92691 4663
1.92696 4665
1.92701 4666
1.92705 4667
1.92712 4668
1.92719 4669
1.92727 4671
1.92729 4672
1.92731 4673
1.92746 4674
1.9275 4675
1.92752 4676
1.9276 4677
1.92765 4678
1.92769 4679
1.92774 4680
1.92778 4681
1.9278 4682
1.92783 4683
1.92785 4684
1.92787 4686
1.9279 4687
1.92792 4688
1.92797 4690
1.92803 4692
1.92805 4693
1.93507 4214
1.93513 4222
1.93518 4229
1.93526 4247
1.93531 4253
1.93536 4258
1.93538 4271
1.9354 4286
1.93542 4289
1.93544 4295
1.93546 4299
1.93549 4302
1.93551 4304
1.93553 4305
1.93558 4317
1.9356 4320
1.93563 4332
1.93565 4340
1.93568 4341
1.9357 4345
1.93574 4348
1.9358 4354
1.93583 4355
1.93588 4368
1.9359 4377
1.93592 4389
1.93594 4398
1.93598 4407
1.936 4408
1.93603 4410
1.93605 4412
1.93607 4415
1.93609 4421
1.93612 4426
1.93614 4441
1.93616 4445
1.93618 4457
1.93621 4458
1.93623 4463
1.93625 4470
1.93631 4479
1.93636 4496
1.93638 4497
1.9364 4498
1.93642 4694
1.93644 4695
1.93648 4697
1.93652 4698
1.93654 4699
1.93657 4700
1.93659 4701
1.93661 4703
1.93663 4704
1.93664 4705
1.93671 4707
1.93673 4708
1.93677 4710
1.9368 4711
1.93682 4712
1.93691 4713
1.93693 4714
1.93695 4716
1.93701 4718
1.93703 4719
1.93705 4720
1.93707 4722
1.93709 4723
1.93714 4725
1.93716 4726
1.93719 4727
1.93721 4728
1.93723 4729
1.93725 4730
1.93728 4732
1.9373 4733
1.93734 4734
1.93737 4735
1.94618 4154
1.94623 4222
1.9463 4253
1.94637 4271
1.94639 4286
1.9465 4289
1.94652 4295
1.94654 4299
1.94657 4302
1.94659 4304
1.94661 4305
1.94663 4307
1.94665 4317
1.94668 4320
1.9467 4332
1.94672 4340
1.94674 4345
1.94677 4348
1.94679 4351
1.94681 4354
1.94684 4355
1.94686 4377
1.94688 4389
1.9469 4398
1.94692 4407
1.94694 4408
1.94699 4411
1.947 4413
1.94703 4415
1.94705 4421
1.94707 4426
1.94712 4453
1.94716 4458
1.94718 4460
1.94721 4463
1.94724 4470
1.94726 4479
1.94728 4482
1.9473 4487
1.94733 4496
1.94735 4497
1.94737 4498
1.94738 4504
1.94741 4509
1.94743 4514
1.94745 4515
1.94747 4525
1.94749 4534
1.94751 4535
1.94756 4537
1.94758 4545
1.94761 4549
1.94905 4552
1.94911 4737
1.94915 4738
1.94921 4739
1.94934 4740
1.94939 4741
1.94941 4742
1.94943 4743
1.94945 4744
1.94947 4745
1.94951 4746
1.94955 4748
1.94957 4749
1.94959 4750
1.94961 4751
1.94963 4752
1.94965 4753
1.94967 4754
1.94969 4755
1.94972 4756
1.94974 4757
1.94976 4759
1.94978 4760
1.94981 4761
1.94988 4765
1.95729 4154
1.95738 4271
1.95743 4295
1.95749 4368
1.95753 4410
1.95757 4458
1.95762 4460
1.95767 4463
1.95772 4470
1.95774 4479
1.95776 4482
1.95778 4496
1.9578 4497
1.95782 4498
1.95785 4504
1.95787 4509
1.9579 4514
1.95792 4515
1.95794 4526
1.95796 4534
1.95798 4535
1.95801 4536
1.95803 4537
1.95805 4545
1.95807 4549
1.95809 4552
1.95816 4767
1.95818 4768
1.9582 4769
1.95822 4770
1.95824 4771
1.95826 4772
1.95828 4773
1.9583 4774
1.95832 4775
1.95836 4778
1.95838 4780
1.9584 4781
1.95843 4782
1.95853 4783
1.95855 4784
1.95857 4785
1.95864 4786
1.95867 4787
1.95869 4788
1.95872 4789
1.95874 4790
1.95876 4791
1.95905 4792
1.95907 4793
1.95909 4794
1.95912 4796
1.95914 4797
1.95916 4798
1.95918 4799
1.9592 4800
1.95922 4801
1.95924 4802
1.95927 4804
1.95929 4806
1.95931 4807
1.95933 4809
1.95935 4810
1.95938 4811
1.95941 4812
1.95943 4813
1.95945 4814
1.95947 4815
1.9595 4816
1.95952 4817
1.95954 4820
1.95956 4821
1.95958 4822
1.9596 4823
1.95963 4824
1.95965 4825
1.95968 4826
1.95974 4829
1.95976 4831
1.95978 4832
1.9598 4833
1.95982 4834
1.95984 4835
1.9684 4154
1.96847 4410
1.96853 4458
1.96858 4460
1.96863 4463
1.9687 4475
1.96879 4482
1.96886 4487
1.96892 4497
1.96898 4504
1.969 4509
1.96902 4514
1.96904 4515
1.96906 4525
1.96908 4526
1.96913 4535
1.96915 4536
1.96917 4537
1.96919 4545
1.96924 4552
1.96926 4554
1.96929 4836
1.96932 4837
1.96936 4839
1.96939 4840
1.96944 4842
1.96949 4844
1.96951 4845
1.96954 4846
1.96956 4847
1.96959 4848
1.96961 4849
1.96964 4850
1.96966 4852
1.96968 4853
1.9697 4854
1.96972 4855
1.96974 4857
1.96977 4859
1.96979 4860
1.96981 4863
1.96984 4864
1.96987 4865
1.96991 4867
1.96993 4868
1.96995 4869
1.96997 4870
1.96999 4871
1.97003 4873
1.97005 4874
1.9701 4875
1.97013 4876
1.97015 4877
1.97017 4878
1.97019 4879
1.97021 4880
1.97025 4883
1.97027 4884
1.9703 4885
1.97032 4886
1.97036 4889
1.97038 4890
1.9704 4891
1.97042 4892
1.97044 4893
1.97047 4895
1.97051 4897
1.97054 4898
1.97055 4899
1.97057 4900
1.9722 4903
1.97222 4904
1.97227 4907
1.97229 4908
1.97952 4475
1.97958 4526
1.9796 4536
1.97962 4554
1.97964 4561
1.97966 4567
1.97998 4568
1.98003 4569
1.98009 4579
1.98022 4591
1.98024 4594
1.98026 4600
1.98027 4601
1.9803 4606
1.98032 4910
1.98037 4913
1.98039 4914
1.98041 4915
1.98044 4916
1.98046 4917
1.98048 4918
1.98052 4920
1.98054 4922
1.98057 4923
1.98059 4924
1.98087 4928
1.98089 4929
1.98091 4930
1.98095 4931
1.98097 4932
1.981 4933
1.98102 4934
1.98106 4936
1.98108 4937
1.98112 4938
1.98118 4941
1.98119 4942
1.98122 4943
1.98124 4944
1.98126 4945
1.98129 4946
1.98133 4948
1.98136 4950
1.98138 4951
1.9814 4952
1.98142 4953
1.98144 4954
1.98146 4956
1.98149 4957
1.98151 4958
1.98153 4960
1.98155 4962
1.98157 4963
1.9816 4964
1.98162 4965
1.98164 4966
1.98166 4967
1.98169 4968
1.98171 4969
1.98173 4970
1.98175 4971
1.98178 4972
1.9818 4973
1.98185 4975
1.98187 4976
1.9819 4977
1.98192 4978
1.98197 4982
1.98199 4983
1.98202 4984
1.98205 4985
1.98207 4986
1.98209 4987
1.98211 4988
1.98213 4989
1.98216 4991
1.98218 4992
1.98221 4993
1.99063 4475
1.99067 4554
1.99072 4561
1.99078 4567
1.99083 4568
1.99088 4591
1.99095 4606
1.99103 4609
1.99107 4613
1.99115 4637
1.9912 4994
1.99127 4996
1.99131 4997
1.99136 4998
1.99147 5002
1.99156 5003
1.99164 5004
1.9917 5007
1.99172 5008
1.99179 5011
1.99181 5013
1.99183 5014
1.99185 5016
1.99188 5017
1.99191 5018
1.99193 5019
1.99199 5022
1.99201 5023
1.99204 5024
1.99212 5027
1.99214 5028
1.99217 5029
1.99219 5030
1.99222 5032
1.99224 5033
1.99227 5034
1.99229 5035
1.99232 5037
1.99234 5038
1.99236 5039
1.99238 5040
1.99241 5041
1.99244 5042
1.99246 5044
1.99249 5045
1.99251 5046
1.99255 5048
1.99259 5050
1.99261 5051
1.99266 5053
1.99271 5056
1.99275 5059
1.99277 5061
1.9928 5062
1.99282 5063
1.99284 5064
1.99287 5065
1.99289 5066
1.99291 5067
1.99293 5069
1.99296 5070
1.99298 5071
1.993 5072
1.99302 5075
1.99305 5076
1.99308 5077
