1.0351 2
1.03512 5
1.03524 15
1.03535 24
1.03537 25
1.03539 27
1.03541 28
1.03556 37
1.03558 38
1.03568 39
1.03575 43
1.03582 44
1.03587 50
1.03596 52
1.036 55
1.03606 64
1.03608 65
1.03611 67
1.03614 73
1.03617 77
1.03619 79
1.03622 82
1.03625 91
1.03627 92
1.03629 96
1.03632 97
1.04618 100
1.04622 112
1.04624 115
1.04626 117
1.04644 118
1.0465 120
1.04655 124
1.04663 142
1.04669 143
1.04674 145
1.04676 151
1.04686 154
1.0469 157
1.04692 158
1.04695 173
1.047 184
1.04702 195
1.04704 196
1.0573 205
1.05738 206
1.05747 209
1.05752 214
1.05757 218
1.05761 219
1.05763 220
1.05765 227
1.05767 229
1.05769 230
1.05771 231
1.05774 233
1.05776 237
1.05779 239
1.05781 240
1.05784 242
1.05786 244
1.05789 249
1.05791 254
1.05793 260
1.05798 272
1.058 275
1.05802 284
1.05805 288
1.05807 290
1.05809 296
1.05812 297
1.05814 299
1.06841 303
1.06845 312
1.06849 321
1.06857 322
1.06864 330
1.06866 331
1.06868 335
1.06882 342
1.06886 343
1.06896 345
1.06905 348
1.06911 353
1.06918 370
1.06929 376
1.06935 385
1.06937 388
1.06939 394
1.06941 399
1.07953 409
1.07957 413
1.07963 414
1.07968 426
1.07974 428
1.07979 431
1.07984 432
1.07989 434
1.07994 436
1.07999 438
1.08004 440
1.08008 442
1.08013 444
1.08021 450
1.0803 452
1.08034 458
1.0804 465
1.08047 474
1.08053 478
1.08058 486
1.08063 487
1.09063 502
1.09065 507
1.09067 509
1.09069 513
1.09071 516
1.09075 525
1.09077 526
1.09079 529
1.09082 535
1.09084 541
1.09086 542
1.09091 544
1.09093 545
1.09095 550
1.09097 554
1.09099 558
1.09101 561
1.09103 562
1.09105 568
1.09108 577
1.0911 585
1.09112 587
1.09117 591
1.09119 592
1.09124 597
1.09126 599
1.10175 607
1.10181 610
1.10188 618
1.1019 622
1.10192 623
1.10194 625
1.10197 636
1.10199 639
1.10204 665
1.10207 666
1.10209 671
1.10211 673
1.10213 676
1.10217 681
1.1022 686
1.11285 701
1.11295 707
1.113 708
1.11305 711
1.11312 717
1.11317 722
1.11319 727
1.11321 729
1.11323 739
1.11325 740
1.11328 743
1.1133 745
1.11332 748
1.11337 760
1.11339 766
1.11341 767
1.11345 772
1.11347 774
1.1135 777
1.11352 790
1.11355 792
1.11357 794
1.11359 795
1.12396 0
1.12398 1
1.124 3
1.12403 7
1.12405 9
1.12409 20
1.12413 26
1.12415 31
1.12417 35
1.1242 42
1.12422 46
1.12428 60
1.1243 61
1.12432 70
1.12434 83
1.12437 801
1.12439 804
1.12441 808
1.12444 810
1.13507 1
1.13516 10
1.13518 12
1.1352 14
1.13523 16
1.13527 21
1.13529 23
1.13533 29
1.13535 30
1.13538 51
1.13541 53
1.13543 58
1.13546 69
1.13549 86
1.13551 87
1.13553 93
1.13555 94
1.1356 98
1.13562 99
1.13565 103
1.13567 105
1.13571 119
1.13574 127
1.13576 134
1.13578 135
1.1358 138
1.13582 139
1.13586 141
1.13588 162
1.1359 168
1.13595 179
1.13597 180
1.13599 183
1.13601 186
1.13603 194
1.13606 197
1.13608 198
1.13611 199
1.14623 31
1.14629 40
1.14635 46
1.14641 51
1.14643 56
1.14645 63
1.14654 71
1.1466 76
1.14665 93
1.14672 104
1.14674 111
1.14676 122
1.14679 134
1.14681 136
1.14683 141
1.14686 146
1.14688 155
1.14691 162
1.14693 163
1.14695 169
1.14697 175
1.14699 187
1.14702 188
1.14704 190
1.14706 194
1.14708 197
1.1471 198
1.14713 207
1.14715 217
1.14717 221
1.14721 226
1.14723 228
1.14726 232
1.14728 236
1.1473 241
1.14733 246
1.14735 253
1.14737 273
1.14739 274
1.14741 287
1.14743 289
1.14746 292
1.14748 295
1.1573 10
1.15734 22
1.15739 23
1.15747 33
1.15752 48
1.15754 53
1.15756 57
1.15758 62
1.15772 66
1.15774 76
1.15779 93
1.15782 104
1.15803 107
1.15809 108
1.15814 116
1.15818 119
1.15823 122
1.15828 125
1.15833 136
1.15838 155
1.15845 165
1.1585 167
1.15864 172
1.1587 177
1.15872 187
1.15874 191
1.15876 192
1.15906 193
1.15908 194
1.1591 201
1.15912 211
1.15914 212
1.15916 217
1.15919 221
1.15921 245
1.15923 246
1.15925 248
1.15927 250
1.15929 252
1.15931 253
1.15933 262
1.15936 263
1.15938 269
1.1594 270
1.15942 271
1.15945 279
1.15947 286
1.15949 287
1.15952 289
1.15954 291
1.15956 308
1.15958 309
1.1596 311
1.15963 318
1.15965 324
1.15967 327
1.15969 332
1.15971 337
1.15973 339
1.15976 340
1.15977 344
1.15981 347
1.15983 351
1.15986 355
1.15988 365
1.1599 372
1.15992 381
1.15994 383
1.15997 387
1.15999 390
1.16001 397
1.16842 34
1.16851 41
1.16856 48
1.16861 49
1.16865 54
1.16871 66
1.16879 78
1.16888 89
1.16894 106
1.16899 110
1.16903 111
1.16907 137
1.16913 147
1.16918 152
1.1692 160
1.16922 171
1.16924 174
1.16926 178
1.16928 181
1.16931 189
1.16935 201
1.16938 208
1.16941 217
1.16944 222
1.16946 223
1.16948 224
1.1695 232
1.16952 235
1.16954 246
1.16956 255
1.16958 256
1.1696 258
1.16963 264
1.16965 265
1.16967 266
1.16969 268
1.16971 271
1.16973 273
1.16975 277
1.16977 280
1.1698 285
1.16982 289
1.16984 292
1.16986 293
1.16989 294
1.16991 302
1.16993 305
1.16995 318
1.16997 319
1.16999 326
1.17004 334
1.17007 337
1.17009 339
1.17011 341
1.17013 350
1.17015 351
1.17018 355
1.1702 360
1.17022 362
1.17025 366
1.17027 368
1.17029 380
1.17031 389
1.17033 392
1.17035 398
1.17037 405
1.17039 427
1.17044 446
1.17046 451
1.17048 453
1.17051 476
1.17053 477
1.17055 482
1.17057 484
1.17952 6
1.17954 18
1.17961 59
1.17976 78
1.17978 81
1.1798 88
1.17982 101
1.17984 108
1.17986 128
1.17989 149
1.17991 153
1.17994 156
1.17996 161
1.17998 170
1.18 171
1.18002 172
1.18005 176
1.18007 177
1.18011 202
1.18016 204
1.18018 215
1.18022 259
1.18024 262
1.18026 264
1.18029 267
1.18033 281
1.18036 282
1.18038 283
1.1804 286
1.18045 305
1.18047 313
1.18049 320
1.18051 323
1.18053 326
1.18055 338
1.18058 364
1.1806 366
1.18062 369
1.18065 379
1.18068 380
1.18071 381
1.18073 383
1.18075 386
1.18077 389
1.18079 395
1.18081 397
1.18083 398
1.18085 408
1.18089 412
1.18092 418
1.18094 420
1.18096 422
1.18098 425
1.181 429
1.18102 435
1.18104 437
1.18106 439
1.18108 447
1.1811 451
1.18112 463
1.18114 470
1.18119 479
1.1812 480
1.18123 495
1.18125 506
1.18134 512
1.18136 519
1.18141 520
1.18143 521
1.18145 523
1.18147 539
1.19063 19
1.19068 34
1.1907 47
1.19072 49
1.19083 68
1.19093 72
1.19098 78
1.191 81
1.19103 85
1.19107 95
1.19113 131
1.19115 140
1.19117 147
1.1912 148
1.19122 152
1.19124 153
1.19126 156
1.19128 164
1.1913 170
1.19132 189
1.19134 204
1.19136 210
1.19139 211
1.19141 247
1.19143 248
1.19145 250
1.19148 263
1.1915 276
1.19154 283
1.19156 305
1.19158 307
1.1916 308
1.19162 309
1.19164 323
1.19167 328
1.19169 341
1.19173 346
1.19177 351
1.19179 361
1.19181 363
1.19183 365
1.1919 373
1.19192 384
1.19194 387
1.19197 395
1.19199 401
1.19202 403
1.19204 404
1.19207 415
1.19209 417
1.19211 419
1.19213 427
1.19215 445
1.19217 451
1.19219 453
1.19224 457
1.19226 459
1.1923 466
1.19233 470
1.19235 471
1.19237 472
1.19242 480
1.19244 481
1.19246 482
1.19248 484
1.19251 489
1.19253 491
1.19255 492
1.19257 498
1.19259 505
1.19264 519
1.19266 533
1.20175 32
1.20182 88
1.20187 101
1.20189 109
1.20192 113
1.20197 121
1.20199 133
1.20201 150
1.20204 156
1.20206 185
1.20208 203
1.2021 210
1.20213 215
1.20215 225
1.20221 247
1.20223 259
1.20225 283
1.20227 298
1.20229 310
1.20231 315
1.20234 338
1.20236 356
1.20238 357
1.2024 359
1.20245 361
1.20247 364
1.20249 374
1.20256 401
1.20261 412
1.20263 429
1.20265 430
1.20273 454
1.20275 455
1.20277 456
1.2028 461
1.20282 481
1.20285 485
1.20287 491
1.2029 492
1.20293 497
1.20295 501
1.20297 503
1.20299 504
1.20301 505
1.20303 515
1.20305 523
1.20307 546
1.2031 548
1.20314 567
1.21285 4
1.21294 11
1.21299 36
1.21303 45
1.21308 47
1.21315 72
1.2132 80
1.21326 126
1.21331 129
1.21335 148
1.21349 210
1.21351 216
1.21353 238
1.21355 251
1.21357 306
1.21359 310
1.21361 317
1.21363 336
1.21366 359
1.21368 375
1.2137 391
1.21373 400
1.21376 407
1.2138 421
1.21382 424
1.21384 430
1.21387 441
1.21389 462
1.21391 464
1.21393 467
1.21395 468
1.21399 492
1.21406 496
1.21408 501
1.2141 504
1.21412 505
1.21414 518
1.21416 527
1.21419 538
1.21421 543
1.21424 547
1.21426 555
1.21428 564
1.2143 571
1.22396 17
1.22402 32
1.22404 85
1.22406 121
1.22409 126
1.22412 129
1.22414 131
1.22417 133
1.22419 144
1.22421 166
1.22423 182
1.22425 185
1.22428 213
1.2243 261
1.22432 278
1.22434 301
1.22436 306
1.2244 325
1.22444 346
1.22446 354
1.22449 401
1.22451 415
1.22453 423
1.22455 430
1.22458 449
1.22461 455
1.22463 456
1.22465 457
1.22468 459
1.2247 466
1.22472 467
1.22474 488
1.22477 489
1.22479 493
1.22483 508
1.22485 515
1.22487 528
1.2249 537
1.22494 540
1.22497 546
1.22499 551
1.22501 552
1.22504 560
1.22506 584
1.23507 11
1.23509 75
1.23514 109
1.23516 123
1.2352 298
1.23523 310
1.23528 329
1.2353 336
1.23534 378
1.23536 393
1.23538 400
1.23541 406
1.23543 433
1.23548 462
1.23586 468
1.23592 517
1.23597 522
1.23606 524
1.2361 532
1.23617 549
1.23625 552
1.23629 553
1.23634 573
1.23639 580
1.23647 582
1.24619 74
1.2462 75
1.24622 102
1.24624 200
1.24628 234
1.2463 301
1.24632 304
1.24634 349
1.24636 354
1.24638 402
1.2464 406
1.24642 416
1.24644 448
1.24646 473
1.24649 483
1.24651 500
1.24653 528
1.24655 540
1.24659 565
1.24662 572
1.24664 576
1.24667 579
1.2467 589
1.24672 590
1.24676 608
1.2573 84
1.25736 90
1.25738 130
1.2574 159
1.25745 349
1.25747 367
1.2575 382
1.25753 402
1.25755 460
1.25757 469
1.2576 473
1.25762 483
1.25764 510
1.25766 522
1.25769 530
1.25771 536
1.25773 553
1.25775 563
1.25778 572
1.25783 581
1.25785 586
1.25787 588
1.25789 589
1.25791 603
1.25793 605
1.25816 619
1.25818 620
1.26841 13
1.26846 84
1.2685 314
1.26854 349
1.2686 358
1.26864 371
1.26872 377
1.26877 411
1.26882 416
1.26886 473
1.26888 494
1.2689 511
1.26892 514
1.26894 565
1.26897 572
1.26899 578
1.26957 579
1.26962 588
1.26968 601
1.26974 603
1.26976 604
1.2698 612
1.26983 617
1.26985 620
1.26987 826
1.27952 84
1.27956 114
1.27968 490
1.27973 494
1.27981 566
1.27986 569
1.27994 583
1.27999 586
1.28006 603
1.28012 604
1.28014 611
1.28023 612
1.28028 615
1.28034 621
1.28039 626
1.28047 628
1.28052 633
1.28054 635
1.28056 637
1.2806 643
1.28062 645
1.28064 653
1.29063 8
1.29067 13
1.29072 114
1.29076 132
1.29081 243
1.29086 314
1.29088 352
1.29091 499
1.29093 511
1.29097 594
1.291 606
1.29106 637
1.29108 645
1.29131 646
1.29136 653
1.29143 845
1.30174 316
1.30184 410
1.30186 499
1.30188 559
1.3019 574
1.30192 575
1.30194 583
1.30196 593
1.30198 595
1.30201 600
1.30203 606
1.30205 628
1.30208 632
1.3021 634
1.30212 640
1.30215 644
1.30217 648
1.30219 853
1.30222 856
1.30224 858
1.30226 870
1.30231 873
1.30233 874
1.30235 879
1.3129 641
1.31292 647
1.31294 649
1.31296 658
1.31298 659
1.313 664
1.31302 887
1.31304 898
1.31305 899
1.31309 905
1.31311 906
1.32396 257
1.32401 575
1.32408 609
1.32418 631
1.32424 640
1.32429 641
1.32435 647
1.32439 661
1.32445 911
1.32447 925
1.32448 928
1.3245 931
1.32453 934
1.32455 936
1.32457 937
1.3246 943
1.32462 945
1.33507 300
1.33513 396
1.33524 475
1.33526 531
1.33528 614
1.33531 631
1.33533 638
1.33539 656
1.33542 664
1.33544 669
1.33546 672
1.33549 949
1.33551 955
1.33555 962
1.33557 977
1.3356 979
1.33562 980
1.33564 983
1.33566 985
1.33568 989
1.34618 257
1.34624 475
1.34633 556
1.3464 613
1.34646 616
1.34654 629
1.34658 657
1.34664 668
1.34668 999
1.3467 1002
1.34672 1004
1.34674 1005
1.34676 1006
1.34683 1014
1.34685 1016
1.34687 1017
1.34689 1021
1.34692 1026
1.34695 1029
1.34697 1039
1.34699 1042
1.34701 1050
1.35729 300
1.35734 596
1.35741 650
1.35747 651
1.35751 655
1.35756 656
1.3576 657
1.35765 669
1.3577 677
1.35772 680
1.35779 683
1.35781 685
1.35784 693
1.35786 694
1.35789 705
1.35791 1064
1.35793 1068
1.35795 1070
1.358 1080
1.36841 602
1.36846 629
1.36851 655
1.36855 662
1.36861 663
1.36866 667
1.36872 680
1.36877 691
1.36881 693
1.36886 696
1.36888 697
1.3689 699
1.36892 712
1.36894 713
1.36896 1081
1.36899 1082
1.36903 1094
1.36905 1100
1.36907 1101
1.3691 1110
1.36912 1111
1.36914 1113
1.36916 1115
1.36918 1116
1.37952 333
1.37962 534
1.37964 602
1.37967 627
1.3797 630
1.37973 651
1.37975 655
1.37978 663
1.3798 675
1.37982 678
1.37985 683
1.37987 687
1.37989 693
1.37994 703
1.37996 709
1.37998 710
1.38003 716
1.38005 1118
1.38008 1119
1.38012 1134
1.38017 1141
1.38022 1149
1.38024 1156
1.39063 557
1.39068 570
1.39075 652
1.39081 660
1.39086 679
1.39088 684
1.39092 703
1.39097 712
1.391 1161
1.39102 1165
1.39104 1170
1.39124 1172
1.39128 1173
1.39132 1175
1.39138 1182
1.39145 1183
1.39149 1190
1.39155 1195
1.39164 1201
1.39168 1207
1.39173 1211
1.40174 443
1.40179 557
1.40189 654
1.40195 682
1.40201 700
1.40206 702
1.40215 706
1.40222 723
1.40228 726
1.40232 731
1.40234 734
1.40236 736
1.40238 737
1.4024 744
1.40243 746
1.40246 749
1.40248 751
1.4025 754
1.40252 761
1.40254 769
1.40257 775
1.40259 1215
1.41285 557
1.4129 570
1.41296 624
1.41298 660
1.413 682
1.41303 689
1.41305 695
1.41309 715
1.41311 730
1.41313 733
1.41315 744
1.41317 754
1.41319 761
1.41344 775
1.4135 1235
1.41353 1237
1.41355 1242
1.41357 1243
1.41359 1248
1.41362 1249
1.41365 1252
1.41367 1255
1.41369 1257
1.42396 624
1.424 698
1.42402 702
1.42405 725
1.42418 726
1.42423 732
1.42427 734
1.42435 738
1.42439 747
1.42444 750
1.42448 769
1.42452 782
1.42454 783
1.42456 784
1.42458 785
1.42461 788
1.42463 791
1.42466 798
1.42468 802
1.4247 817
1.42474 824
1.42476 830
1.42479 834
1.42481 842
1.43507 624
1.43513 689
1.43521 692
1.43527 695
1.43533 719
1.4354 725
1.43544 728
1.43549 732
1.43554 753
1.43559 762
1.43565 764
1.43574 765
1.43583 773
1.4359 782
1.43597 785
1.43602 803
1.43607 807
1.43612 809
1.43616 814
1.43629 823
1.4364 827
1.44618 642
1.44624 670
1.44628 704
1.44638 742
1.44645 756
1.44654 757
1.44659 770
1.44666 771
1.4467 773
1.44685 781
1.4469 788
1.44694 796
1.447 798
1.44702 805
1.44704 811
1.44706 817
1.44708 818
1.4471 821
1.44712 822
1.44714 824
1.44716 825
1.44718 827
1.44721 828
1.44724 835
1.44726 840
1.44728 848
1.4473 854
1.44732 855
1.44734 875
1.44737 878
1.44739 881
1.44741 883
1.44743 884
1.44745 886
1.4475 902
1.45729 642
1.45735 688
1.45744 718
1.45752 720
1.45757 742
1.45759 753
1.45762 757
1.45764 764
1.45766 773
1.45768 789
1.4577 797
1.45772 803
1.45774 806
1.45777 812
1.45779 814
1.45781 815
1.45784 839
1.45786 840
1.45788 841
1.4579 847
1.45792 850
1.45794 854
1.45796 864
1.458 869
1.45802 875
1.45804 882
1.45809 885
1.45812 893
1.45818 904
1.4582 908
1.45822 909
1.45825 910
1.45827 912
1.4583 915
1.46841 674
1.46843 720
1.46845 724
1.46847 741
1.46851 756
1.46854 758
1.46856 759
1.46864 797
1.46866 805
1.46868 816
1.4687 818
1.46873 819
1.46878 847
1.46881 848
1.46883 851
1.46886 855
1.46888 860
1.46894 865
1.46898 868
1.46902 872
1.46904 885
1.46906 886
1.46908 891
1.4691 892
1.46912 894
1.46915 895
1.46918 896
1.4692 897
1.46925 914
1.46927 916
1.46929 920
1.46931 922
1.46936 952
1.46938 958
1.4694 976
1.47952 718
1.47967 721
1.47975 735
1.47977 768
1.47979 778
1.47995 786
1.48004 797
1.48013 819
1.48019 829
1.48028 836
1.48035 847
1.4804 850
1.48052 903
1.48057 904
1.48059 916
1.48074 921
1.48083 935
1.48088 947
1.48089 951
1.48097 956
1.48103 966
1.48105 973
1.48107 974
1.49063 598
1.49065 690
1.49067 724
1.49069 793
1.49072 799
1.49074 829
1.49076 831
1.4908 843
1.49083 846
1.49085 849
1.49088 880
1.4909 894
1.49093 896
1.49095 897
1.49099 918
1.49101 919
1.49103 920
1.49106 922
1.49108 923
1.49113 947
1.49115 959
1.49117 960
1.49119 969
1.49121 970
1.49124 978
1.49126 998
1.49128 1010
1.50174 690
1.50179 763
1.50184 768
1.5019 800
1.50195 813
1.50197 833
1.50199 844
1.50202 846
1.50204 857
1.50206 867
1.50208 889
1.5021 913
1.50212 918
1.50214 919
1.50217 930
1.50219 942
1.50221 950
1.50224 954
1.50226 956
1.50228 964
1.5023 968
1.50232 970
1.50234 972
1.50238 992
1.50241 994
1.50243 1003
1.50245 1010
1.50247 1012
1.5025 1013
1.50253 1018
1.50255 1020
1.51285 598
1.51289 776
1.51291 813
1.51293 844
1.51296 862
1.51298 866
1.513 876
1.51303 888
1.51305 900
1.51307 917
1.5131 927
1.51312 930
1.51314 939
1.51318 984
1.5132 986
1.51323 997
1.51325 1001
1.51329 1023
1.51333 1035
1.51335 1040
1.52396 776
1.52398 833
1.52406 838
1.52411 844
1.52416 862
1.52423 867
1.52424 876
1.52433 889
1.52435 890
1.52437 907
1.52439 929
1.52452 938
1.52457 939
1.52463 942
1.52467 946
1.52474 950
1.52482 954
1.52486 968
1.52492 988
1.52494 994
1.52499 1011
1.52503 1013
1.52505 1015
1.52507 1018
1.52514 1037
1.52516 1038
1.52518 1047
1.5252 1052
1.53507 776
1.53509 838
1.53511 859
1.53513 926
1.53516 927
1.53518 941
1.5352 946
1.53525 961
1.53527 971
1.53529 990
1.53531 993
1.53535 997
1.53537 1000
1.5354 1007
1.53542 1008
1.53545 1011
1.53547 1019
1.53549 1023
1.53551 1027
1.53555 1031
1.53557 1033
1.5356 1044
1.53562 1046
1.53564 1265
1.54619 779
1.54627 820
1.54633 837
1.54639 861
1.54645 901
1.54649 924
1.54655 953
1.54659 987
1.54664 990
1.54673 1009
1.54678 1011
1.54684 1019
1.54688 1031
1.54693 1041
1.54695 1044
1.54697 1060
1.5471 1062
1.54715 1067
1.54717 1069
1.54719 1266
1.54721 1268
1.54724 1269
1.55729 752
1.55734 787
1.55739 820
1.55743 832
1.55749 837
1.55753 852
1.5576 944
1.55766 961
1.55772 975
1.55776 987
1.55782 996
1.55787 1030
1.55794 1031
1.558 1034
1.55811 1048
1.55813 1053
1.55816 1054
1.55818 1058
1.5582 1060
1.55825 1277
1.55827 1278
1.55829 1282
1.55831 1283
1.56841 832
1.56847 837
1.56854 871
1.56862 901
1.56864 957
1.56866 982
1.56868 995
1.56882 996
1.56887 1009
1.56889 1022
1.56905 1041
1.56913 1058
1.56918 1300
1.56922 1303
1.56927 1308
1.56935 1310
1.56941 1314
1.56946 1316
1.56952 1322
1.56959 1325
1.57952 714
1.57958 780
1.57963 863
1.57967 948
1.5798 965
1.57984 991
1.57986 1022
1.57988 1028
1.5799 1036
1.57992 1049
1.57995 1053
1.57998 1054
1.58 1056
1.58003 1063
1.58005 1074
1.58008 1076
1.5801 1077
1.58013 1085
1.58015 1089
1.58017 1092
1.58019 1095
1.58021 1096
1.58024 1334
1.58028 1346
1.58032 1352
1.59064 967
1.59069 995
1.59071 1024
1.59073 1028
1.59075 1036
1.59079 1057
1.59081 1065
1.59086 1077
1.59088 1083
1.59092 1091
1.59094 1096
1.59096 1364
1.591 1373
1.59105 1374
1.59108 1379
1.5911 1385
1.59112 1386
1.59114 1388
1.59117 1393
1.60174 932
1.6018 940
1.60182 948
1.60185 981
1.60187 1028
1.60205 1036
1.60209 1061
1.60215 1065
1.6022 1075
1.60225 1086
1.6023 1087
1.60236 1095
1.60246 1394
1.60248 1399
1.6025 1400
1.60253 1402
1.60256 1410
1.60258 1417
1.6026 1418
1.60265 1422
1.60267 1426
1.60269 1427
1.60271 1430
1.60274 1431
1.60276 1433
1.61285 877
1.6129 932
1.61295 1061
1.61301 1065
1.61308 1104
1.61313 1107
1.61315 1108
1.61318 1117
1.61321 1121
1.61343 1122
1.61348 1140
1.61358 1148
1.61368 1446
1.6137 1454
1.61373 1456
1.61375 1460
1.62397 1051
1.62405 1061
1.62407 1071
1.62409 1078
1.62411 1086
1.62413 1099
1.62415 1102
1.62418 1109
1.6242 1117
1.62422 1121
1.62424 1142
1.62427 1143
1.62429 1144
1.62431 1471
1.62433 1474
1.62437 1485
1.6244 1488
1.62442 1490
1.63508 1043
1.6351 1090
1.63512 1093
1.63516 1097
1.63518 1107
1.63521 1128
1.63523 1129
1.63525 1150
1.63527 1496
1.63529 1500
1.63534 1505
1.63536 1509
1.63539 1510
1.63541 1516
1.63543 1527
1.64618 755
1.64623 1025
1.64628 1032
1.64637 1045
1.64641 1073
1.64647 1103
1.64655 1114
1.64661 1120
1.64665 1126
1.64667 1127
1.64669 1131
1.64685 1132
1.64687 1137
1.64689 1139
1.64691 1153
1.64693 1167
1.64695 1168
1.64697 1171
1.64699 1178
1.64701 1179
1.64703 1187
1.64705 1196
1.64708 1203
1.6471 1531
1.65729 933
1.65738 963
1.65744 1025
1.65752 1055
1.65754 1059
1.65756 1073
1.65758 1079
1.65763 1093
1.65765 1097
1.6577 1103
1.65772 1112
1.65775 1130
1.65777 1132
1.6578 1138
1.65782 1146
1.65785 1151
1.65789 1154
1.65792 1155
1.65794 1158
1.65796 1160
1.65798 1166
1.658 1167
1.65803 1168
1.65805 1176
1.65807 1178
1.65809 1186
1.65812 1194
1.65816 1533
1.65818 1536
1.6582 1537
1.65823 1539
1.65825 1541
1.66841 1066
1.66846 1098
1.66852 1114
1.66861 1123
1.66863 1124
1.66866 1126
1.66868 1130
1.6687 1131
1.66873 1139
1.66875 1145
1.66877 1151
1.66879 1153
1.66881 1154
1.66886 1160
1.66888 1185
1.6689 1186
1.66892 1192
1.66894 1196
1.66897 1198
1.66899 1200
1.66901 1202
1.66903 1203
1.66906 1556
1.66908 1558
1.67952 933
1.67957 1135
1.67963 1157
1.67972 1158
1.67977 1160
1.67981 1166
1.67989 1174
1.67994 1180
1.67998 1186
1.68006 1188
1.68011 1192
1.6802 1204
1.68025 1214
1.68029 1221
1.68039 1231
1.68046 1253
1.6805 1256
1.68055 1259
1.6806 1262
1.68067 1264
1.68072 1271
1.69063 1066
1.69069 1072
1.69073 1088
1.69078 1133
1.69083 1145
1.69089 1159
1.69091 1188
1.69093 1205
1.69096 1206
1.69098 1208
1.691 1210
1.69102 1212
1.69104 1213
1.69107 1214
1.69109 1228
1.69111 1233
1.69166 1234
1.69171 1250
1.69173 1253
1.69175 1254
1.69178 1258
1.6918 1272
1.69184 1569
1.70174 1106
1.70183 1135
1.70191 1136
1.70195 1152
1.70201 1157
1.70206 1159
1.70208 1162
1.70211 1163
1.70213 1177
1.70215 1180
1.70217 1197
1.7022 1199
1.70222 1204
1.70229 1206
1.70231 1210
1.70233 1213
1.70235 1218
1.70237 1229
1.70239 1231
1.70241 1232
1.70243 1247
1.70248 1253
1.7025 1256
1.70252 1258
1.70254 1259
1.70257 1264
1.70358 1276
1.70363 1279
1.70368 1280
1.70373 1298
1.70375 1302
1.70377 1305
1.70379 1306
1.70381 1319
1.71287 1177
1.71291 1181
1.71297 1193
1.71299 1199
1.713 1208
1.71303 1212
1.71305 1216
1.71308 1218
1.71311 1219
1.71313 1224
1.71316 1230
1.71318 1232
1.7132 1239
1.71322 1250
1.71324 1254
1.71326 1261
1.71328 1272
1.7133 1274
1.71333 1279
1.71336 1286
1.71338 1289
1.7134 1292
1.71343 1301
1.71346 1304
1.71349 1305
1.71351 1309
1.71354 1311
1.71356 1312
1.71358 1318
1.7136 1320
1.71362 1321
1.72397 1184
1.72403 1222
1.72411 1224
1.72417 1236
1.72421 1240
1.72431 1261
1.72435 1263
1.7244 1273
1.72442 1276
1.72455 1280
1.72461 1284
1.72468 1291
1.72474 1292
1.72478 1293
1.72482 1294
1.72487 1302
1.72492 1312
1.72498 1313
1.72502 1319
1.7351 1181
1.73517 1184
1.73523 1189
1.73527 1209
1.73531 1217
1.73539 1226
1.73546 1239
1.73551 1263
1.73556 1284
1.73563 1285
1.73567 1294
1.73569 1307
1.73571 1313
1.73574 1315
1.73576 1317
1.73578 1318
1.7358 1321
1.73613 1323
1.73619 1324
1.73624 1328
1.73626 1335
1.73628 1341
1.74619 1184
1.74625 1217
1.74631 1223
1.74635 1227
1.74644 1273
1.7465 1281
1.74657 1290
1.74673 1291
1.7468 1315
1.74682 1324
1.74685 1329
1.74686 1332
1.74699 1337
1.74704 1348
1.74708 1356
1.74719 1587
1.74721 1589
1.74723 1590
1.74725 1594
1.74727 1604
1.7573 1164
1.75736 1189
1.75742 1209
1.75748 1217
1.75753 1227
1.7576 1245
1.75765 1246
1.75766 1251
1.75769 1275
1.75772 1307
1.75774 1317
1.75776 1329
1.75778 1331
1.7578 1332
1.75782 1342
1.75784 1350
1.75787 1354
1.75789 1356
1.75791 1359
1.75794 1361
1.75797 1362
1.75799 1368
1.75801 1371
1.75804 1376
1.75806 1381
1.75808 1382
1.75811 1383
1.75814 1606
1.76841 1169
1.76843 1191
1.76847 1227
1.76849 1245
1.76851 1287
1.76854 1288
1.76857 1296
1.76859 1297
1.76881 1339
1.76885 1340
1.76887 1342
1.76889 1350
1.76892 1353
1.76897 1358
1.76899 1365
1.76901 1368
1.76904 1370
1.76906 1376
1.76908 1377
1.7691 1382
1.76912 1384
1.76914 1387
1.76917 1389
1.76919 1612
1.76921 1613
1.76923 1616
1.76925 1617
1.76927 1618
1.76929 1619
1.76931 1620
1.77953 1238
1.77958 1241
1.77962 1270
1.77967 1327
1.77976 1336
1.77985 1345
1.77987 1350
1.77991 1358
1.78002 1359
1.78007 1362
1.78009 1363
1.78011 1367
1.78015 1370
1.78017 1382
1.7802 1387
1.78022 1630
1.78024 1641
1.78028 1646
1.79063 1125
1.79065 1147
1.79067 1169
1.79071 1238
1.79073 1244
1.79076 1260
1.79078 1296
1.7908 1297
1.79082 1330
1.79084 1336
1.79157 1344
1.79165 1357
1.79171 1366
1.79178 1389
1.79184 1390
1.79192 1656
1.792 1657
1.79204 1658
1.79222 1666
1.7923 1672
1.79235 1676
1.7924 1678
1.79245 1680
1.79251 1686
1.79256 1687
1.7926 1690
1.80174 1125
1.80179 1225
1.80187 1267
1.80189 1295
1.80191 1327
1.80195 1351
1.80197 1355
1.80199 1369
1.80201 1372
1.80204 1375
1.80206 1390
1.80208 1397
1.8021 1398
1.80212 1404
1.80216 1408
1.80218 1409
1.8022 1702
1.80222 1707
1.80224 1708
1.80226 1713
1.80228 1717
1.80231 1725
1.80233 1728
1.80235 1731
1.80237 1732
1.80239 1734
1.80242 1736
1.80245 1742
1.80247 1743
1.81285 1147
1.81292 1220
1.813 1225
1.81308 1244
1.8131 1260
1.81312 1326
1.81315 1349
1.81317 1351
1.8132 1390
1.81322 1391
1.81324 1392
1.81326 1396
1.81328 1403
1.81331 1747
1.81333 1757
1.81335 1761
1.81338 1767
1.81342 1777
1.81344 1789
1.82397 1326
1.82403 1396
1.82405 1403
1.82415 1806
1.82427 1815
1.82435 1825
1.82439 1826
1.82448 1827
1.82453 1830
1.82461 1837
1.82465 1838
1.82471 1856
1.82476 1860
1.82481 1862
1.83507 1084
1.83511 1299
1.83513 1403
1.83521 1406
1.83526 1415
1.83531 1428
1.83533 1434
1.83535 1435
1.83537 1438
1.83539 1453
1.83541 1875
1.83547 1880
1.83549 1882
1.83552 1884
1.83556 1892
1.83558 1897
1.84618 1084
1.84625 1299
1.84631 1347
1.84639 1378
1.84643 1413
1.84645 1416
1.84647 1421
1.84649 1428
1.84651 1429
1.84654 1439
1.84656 1440
1.84658 1443
1.84662 1451
1.84665 1452
1.84671 1917
1.84675 1921
1.84677 1922
1.8468 1923
1.84682 1924
1.84685 1925
1.84687 1930
1.84689 1933
1.84692 1935
1.84694 1941
1.84696 1944
1.84698 1952
1.847 1956
1.85729 1105
1.85739 1395
1.85745 1413
1.85754 1414
1.85762 1419
1.85766 1421
1.85771 1429
1.85775 1436
1.85781 1437
1.85787 1438
1.85791 1439
1.85797 1440
1.85801 1444
1.8581 1453
1.85824 1455
1.8583 1966
1.85832 1969
1.85838 1978
1.8584 1984
1.85842 1991
1.85844 1995
1.85848 2001
1.8585 2003
1.85852 2004
1.86841 1333
1.86848 1343
1.86853 1347
1.86857 1436
1.86862 1442
1.86869 1458
1.86873 1461
1.86875 1467
1.86878 1468
1.86882 1475
1.86884 1477
1.86887 1479
1.86889 1483
1.86894 1484
1.86896 1486
1.86903 1493
1.86905 1495
1.86907 1501
1.8691 1517
1.86912 1520
1.87952 1105
1.87957 1360
1.87959 1405
1.87961 1407
1.87963 1412
1.87966 1432
1.87969 1445
1.87972 1457
1.87974 1466
1.87976 1467
1.8798 1482
1.87984 1484
1.87986 1487
1.87988 1489
1.87991 1491
1.88031 1492
1.88037 1493
1.88047 1495
1.88053 1498
1.88058 1507
1.88064 1521
1.88073 2015
1.88078 2017
1.88082 2023
1.88086 2025
1.89063 1338
1.89067 1432
1.89075 1448
1.89079 1462
1.89085 1463
1.89087 1470
1.89089 1487
1.89091 1493
1.89093 1499
1.89095 1506
1.89097 1508
1.89102 1518
1.89104 1521
1.89106 1526
1.89109 1529
1.89111 1534
1.89113 1548
1.89115 1550
1.8912 1553
1.89122 1557
1.89124 1562
1.89129 1565
1.89132 1570
1.89134 1572
1.89136 1578
1.89138 1579
1.89141 1588
1.89143 1593
1.89148 1600
1.90174 1338
1.90178 1360
1.90184 1411
1.90192 1420
1.90194 1445
1.90196 1450
1.90198 1478
1.90202 1489
1.90204 1494
1.90208 1504
1.9021 1523
1.90212 1528
1.90214 1529
1.90216 1532
1.90218 1534
1.90221 1535
1.90223 1540
1.90225 1543
1.90227 1548
1.90229 1559
1.90231 1560
1.90233 1561
1.90236 1570
1.90238 1573
1.90241 1580
1.90243 1592
1.90245 1599
1.91285 1338
1.9129 1441
1.91295 1448
1.913 1450
1.91305 1463
1.91307 1470
1.91309 1472
1.91311 1476
1.91324 1497
1.91329 1504
1.91334 1512
1.91339 1522
1.91348 1525
1.91353 1534
1.91355 1535
1.9136 1545
1.91362 1547
1.91365 1552
1.91367 1561
1.91369 1573
1.91371 1575
1.91373 1580
1.91376 1581
1.91378 1586
1.9138 1588
1.91382 1605
1.91384 1621
1.91386 1623
1.91388 1624
1.91391 1626
1.91393 1627
1.91395 1636
1.91397 1639
1.92397 1441
1.92401 1464
1.92406 1469
1.9241 1476
1.92412 1480
1.92426 1502
1.92432 1513
1.92439 1514
1.92441 1522
1.92443 1535
1.92462 1586
1.92466 1591
1.92471 1592
1.92478 1597
1.92484 1599
1.92486 1601
1.92488 1602
1.9249 1625
1.92492 1627
1.92494 1636
1.92497 1645
1.92501 1659
1.92504 1661
1.93508 1464
1.93514 1465
1.93521 1472
1.9353 1481
1.93539 1497
1.93548 1503
1.93556 1525
1.93565 1545
1.93567 1546
1.93571 1547
1.93588 1567
1.93593 1576
1.93595 1577
1.93599 1611
1.93601 1615
1.93603 1622
1.93608 1631
1.9361 1632
1.93613 1637
1.93617 1643
1.93619 1650
1.93621 1652
1.93625 1654
1.93628 1661
1.9363 1671
1.93632 1673
1.93634 1675
1.93639 1691
1.93641 1692
1.93644 1693
1.93648 1697
1.9365 1710
1.94618 1380
1.9462 1401
1.94623 1425
1.94625 1459
1.94628 1481
1.9463 1503
1.94632 1514
1.94634 1530
1.9464 1544
1.94677 1551
1.94679 1555
1.94681 1591
1.94683 1597
1.94686 1601
1.94688 1603
1.9469 1608
1.94694 1622
1.94697 1625
1.94699 1637
1.94701 1640
1.94767 1654
1.94772 1662
1.94776 1664
1.94778 1668
1.94795 1674
1.948 1675
1.94806 1683
1.94814 1691
1.94821 1693
1.94825 1695
1.94837 1698
1.94843 1704
1.94848 1706
1.95731 1515
1.95739 1563
1.95746 1567
1.95754 1568
1.95759 1571
1.95764 1576
1.95769 1583
1.95775 1598
1.95783 1615
1.9579 1642
1.95797 1643
1.95802 1644
1.95808 1650
1.95815 1651
1.95822 1664
1.95827 1683
1.95831 1691
1.95837 1695
1.95842 1698
1.95844 1703
1.95847 1704
1.95849 1714
1.95851 1726
1.95854 1729
1.95856 1745
1.95858 1746
1.9586 1749
1.95862 1752
1.95864 1754
1.96844 1515
1.96846 1524
1.96848 1603
1.9685 1610
1.96852 1649
1.96855 1655
1.96857 1662
1.9686 1667
1.96864 1695
1.96866 1701
1.96868 1715
1.96871 1722
1.96874 1723
1.96876 1745
1.97952 1515
1.97957 1519
1.97961 1563
1.97967 1571
1.97969 1582
1.97979 1610
1.97984 1628
1.97988 1634
1.97996 1647
1.98003 1660
1.9801 1685
1.98016 1712
1.9802 1714
1.98026 1716
1.98028 1718
1.9803 1720
1.98045 1724
1.98054 1746
1.98056 1748
1.98058 1749
1.98063 1754
1.98067 1758
1.98069 1764
1.98076 1768
1.98079 1773
1.98134 1781
1.98139 1786
1.98143 1799
1.99063 1423
1.99065 1424
1.99067 1538
1.99069 1542
1.99073 1585
1.99076 1595
1.99078 1596
1.99081 1628
1.99083 1638
1.99085 1653
1.99086 1663
1.99089 1679
1.99091 1696
1.99094 1700
1.99096 1719
1.99098 1730
1.991 1740
1.99102 1748
1.99105 1750
1.99107 1751
1.9911 1753
1.99112 1759
1.99114 1760
1.99116 1766
1.99118 1776
1.99121 1778
1.99123 1779
1.99125 1783
1.99127 1784
1.99129 1787
1.99134 1794
1.99136 1795
