1.02801 0
1.02801 1
1.02801 2
1.02801 3
1.02801 4
1.02801 5
1.02801 7
1.02802 8
1.02802 9
1.02802 10
1.02802 11
1.02802 12
1.02802 13
1.02802 15
1.02803 16
1.02803 17
1.02803 19
1.02803 20
1.02803 21
1.02803 22
1.02803 23
1.02803 24
1.02804 25
1.02804 26
1.02804 27
1.02804 28
1.02804 29
1.02804 30
1.02804 31
1.02804 32
1.02805 34
1.02805 37
1.02805 38
1.02805 39
1.02805 40
1.02805 41
1.02805 42
1.02806 43
1.02806 44
1.02806 45
1.02806 46
1.02806 47
1.02806 48
1.02806 49
1.02806 50
1.02806 51
1.02807 52
1.02807 53
1.02807 54
1.02807 56
1.02807 57
1.02807 58
1.02807 59
1.02808 60
1.02808 63
1.02808 64
1.02808 65
1.02808 66
1.02808 67
1.02809 69
1.02809 70
1.02809 71
1.02809 72
1.02809 74
1.02809 75
1.02809 76
1.02809 77
1.0281 78
1.0281 79
1.0281 80
1.0281 81
1.0281 82
1.0281 83
1.0281 84
1.0281 85
1.02811 87
1.02811 88
1.02811 89
1.02811 91
1.02811 92
1.02811 93
1.02811 95
1.02812 97
1.02812 98
1.02812 99
1.03912 100
1.03912 101
1.03912 102
1.03912 105
1.03913 107
1.03913 108
1.03913 109
1.03913 111
1.03913 112
1.03913 113
1.03913 114
1.03914 115
1.03914 118
1.03914 119
1.03914 120
1.03914 121
1.03914 122
1.03914 123
1.03915 124
1.03915 125
1.03915 130
1.03915 131
1.03915 132
1.03916 133
1.03916 134
1.03916 135
1.03916 136
1.03916 138
1.03916 140
1.03917 142
1.03917 143
1.03917 144
1.03917 145
1.03917 146
1.03918 151
1.03918 152
1.03918 153
1.03918 154
1.03918 156
1.03918 159
1.03919 160
1.03919 162
1.03919 164
1.03919 165
1.03919 166
1.03919 167
1.0392 168
1.0392 169
1.0392 170
1.0392 172
1.0392 173
1.0392 175
1.0392 176
1.03921 178
1.03921 179
1.03921 181
1.03921 183
1.03921 184
1.03922 186
1.03922 187
1.03922 188
1.03922 189
1.03922 190
1.03922 192
1.03922 194
1.03923 196
1.03923 197
1.03923 198
1.03923 199
1.05023 200
1.05023 203
1.05023 204
1.05023 205
1.05024 206
1.05024 207
1.05024 208
1.05024 209
1.05024 210
1.05024 211
1.05024 212
1.05024 213
1.05025 214
1.05025 215
1.05025 217
1.05025 220
1.05025 221
1.05026 223
1.05026 224
1.05026 226
1.05026 227
1.05026 228
1.05026 230
1.05027 232
1.05027 233
1.05027 234
1.05027 235
1.05027 237
1.05027 238
1.05027 239
1.05028 241
1.05028 242
1.05028 243
1.05028 245
1.05028 248
1.05028 249
1.05029 253
1.05029 254
1.05029 256
1.05029 257
1.05029 258
1.0503 260
1.0503 266
1.05031 267
1.05031 268
1.05031 269
1.05031 271
1.05031 272
1.05031 274
1.05032 276
1.05032 278
1.05032 279
1.05032 281
1.05032 282
1.05032 284
1.05033 285
1.05033 286
1.05033 287
1.05033 288
1.05033 289
1.05033 290
1.05033 291
1.05033 293
1.05034 296
1.05034 297
1.05034 298
1.05034 299
1.06134 300
1.06134 301
1.06134 302
1.06134 303
1.06135 308
1.06135 309
1.06135 311
1.06135 312
1.06135 313
1.06136 314
1.06136 315
1.06136 316
1.06136 318
1.06136 320
1.06136 321
1.06137 322
1.06137 323
1.06137 324
1.06137 325
1.06137 326
1.06137 328
1.06137 329
1.06137 330
1.06138 331
1.06138 332
1.06138 333
1.06138 334
1.06138 335
1.06138 336
1.06138 337
1.06138 338
1.06138 339
1.06139 340
1.06139 341
1.06139 342
1.06139 343
1.06139 345
1.06139 346
1.06139 347
1.06139 348
1.0614 349
1.0614 350
1.0614 351
1.0614 352
1.0614 353
1.0614 354
1.0614 355
1.0614 356
1.0614 357
1.06141 359
1.06141 361
1.06141 362
1.06141 364
1.06141 365
1.06142 366
1.06142 367
1.06142 370
1.06142 371
1.06142 372
1.06142 373
1.06142 374
1.06143 376
1.06143 378
1.06143 380
1.06143 381
1.06143 383
1.06144 385
1.06144 386
1.06144 387
1.06144 388
1.06144 389
1.06144 390
1.06144 391
1.06144 392
1.06145 393
1.06145 394
1.06145 395
1.06145 396
1.06145 397
1.06145 399
1.07245 400
1.07245 402
1.07245 403
1.07246 404
1.07246 405
1.07246 407
1.07246 409
1.07246 410
1.07246 412
1.07247 413
1.07247 415
1.07247 416
1.07247 418
1.07247 419
1.07247 420
1.07248 421
1.07248 422
1.07248 423
1.07248 424
1.07248 425
1.07248 426
1.07248 427
1.07248 429
1.07249 430
1.07249 431
1.07249 432
1.07249 434
1.07249 435
1.07249 436
1.07249 437
1.07249 438
1.0725 440
1.0725 441
1.0725 442
1.0725 443
1.0725 445
1.0725 447
1.07251 448
1.07251 449
1.07251 451
1.07251 452
1.07251 453
1.07251 455
1.07251 456
1.07252 458
1.07252 459
1.07252 460
1.07252 461
1.07252 462
1.07252 463
1.07252 464
1.07253 465
1.07253 466
1.07253 468
1.07253 469
1.07253 470
1.07253 471
1.07253 472
1.07253 473
1.07254 474
1.07254 475
1.07254 476
1.07254 477
1.07254 478
1.07254 479
1.07254 480
1.07254 481
1.07254 482
1.07255 483
1.07255 484
1.07255 485
1.07255 486
1.07255 487
1.07255 488
1.07255 489
1.07256 492
1.07256 494
1.07256 495
1.07256 496
1.07256 498
1.07256 499
1.08356 14
1.08356 18
1.08357 35
1.08357 36
1.08357 55
1.08357 61
1.08357 62
1.08357 73
1.08357 86
1.08358 90
1.08358 94
1.08358 96
1.08358 501
1.08358 502
1.08358 503
1.08358 504
1.08359 506
1.08359 508
1.08359 509
1.08359 510
1.08359 511
1.08359 512
1.08359 513
1.0836 514
1.0836 515
1.0836 518
1.0836 519
1.0836 520
1.0836 521
1.08361 524
1.08361 525
1.08361 526
1.08361 527
1.08361 529
1.08361 530
1.08362 533
1.08362 535
1.08362 536
1.08362 538
1.08362 539
1.08362 540
1.08363 541
1.08363 543
1.08363 544
1.08363 545
1.08363 546
1.08363 547
1.08363 548
1.08364 549
1.08364 550
1.08364 552
1.08364 555
1.08364 556
1.08364 557
1.08365 558
1.08365 559
1.08365 560
1.08365 561
1.08365 563
1.08365 564
1.08365 565
1.08365 566
1.08366 567
1.08366 568
1.08366 569
1.08366 570
1.08366 571
1.08366 572
1.08366 573
1.08366 574
1.08366 575
1.08367 576
1.08367 577
1.08367 578
1.08367 579
1.08367 580
1.08367 581
1.08367 582
1.08367 583
1.08367 584
1.09467 14
1.09468 18
1.09468 33
1.09468 35
1.09468 36
1.09468 55
1.09468 61
1.09468 62
1.09468 68
1.09468 73
1.09469 86
1.09469 90
1.09469 103
1.09469 104
1.09469 106
1.0947 116
1.0947 117
1.0947 126
1.0947 128
1.0947 129
1.0947 139
1.0947 141
1.09471 147
1.09471 148
1.09471 149
1.09471 150
1.09471 155
1.09471 157
1.09471 158
1.09471 161
1.09471 163
1.09472 174
1.09472 177
1.09472 180
1.09472 182
1.09472 191
1.09472 193
1.09472 195
1.09473 585
1.09473 586
1.09473 587
1.09473 588
1.09473 589
1.09473 590
1.09473 591
1.09473 592
1.09473 593
1.09474 594
1.09474 595
1.09474 596
1.09474 597
1.09474 599
1.09474 600
1.09475 603
1.09475 604
1.09475 605
1.09475 606
1.09475 607
1.09475 608
1.09476 613
1.09476 614
1.09476 615
1.09476 616
1.09476 617
1.09477 620
1.09477 624
1.09477 626
1.09477 627
1.09477 628
1.09478 631
1.09478 632
1.09478 634
1.09478 636
1.09479 638
1.10578 6
1.10579 14
1.10579 18
1.10579 35
1.10579 55
1.10579 61
1.10579 62
1.1058 73
1.1058 86
1.1058 94
1.1058 96
1.1058 103
1.1058 104
1.1058 106
1.10581 110
1.10581 116
1.10581 117
1.10581 126
1.10581 127
1.10581 128
1.10581 129
1.10581 137
1.10581 139
1.10582 141
1.10582 147
1.10582 148
1.10582 149
1.10582 150
1.10582 155
1.10582 157
1.10582 158
1.10582 161
1.10583 163
1.10583 171
1.10583 174
1.10583 180
1.10583 182
1.10583 185
1.10583 191
1.10583 193
1.10584 195
1.10584 201
1.10584 202
1.10584 216
1.10584 218
1.10584 219
1.10584 222
1.10584 225
1.10585 231
1.10585 236
1.10585 244
1.10585 246
1.10585 250
1.10585 251
1.10586 252
1.10586 255
1.10586 259
1.10586 262
1.10586 263
1.10586 264
1.10586 270
1.10587 275
1.10587 277
1.10587 280
1.10587 283
1.10587 292
1.10587 294
1.10587 295
1.10587 639
1.10588 640
1.10588 641
1.10588 642
1.10588 643
1.10588 644
1.10588 645
1.10588 646
1.10588 647
1.10588 648
1.10589 649
1.10589 650
1.10589 651
1.10589 652
1.10589 654
1.10589 656
1.10589 657
1.1059 658
1.1169 6
1.1169 33
1.1169 68
1.1169 104
1.1169 106
1.1169 116
1.1169 117
1.11691 126
1.11691 127
1.11691 128
1.11691 139
1.11691 141
1.11691 147
1.11692 148
1.11692 150
1.11692 157
1.11692 158
1.11692 161
1.11692 163
1.11692 171
1.11693 174
1.11693 177
1.11693 182
1.11693 185
1.11693 191
1.11693 193
1.11693 195
1.11694 202
1.11694 216
1.11694 218
1.11694 222
1.11694 225
1.11694 229
1.11694 231
1.11694 236
1.11695 244
1.11695 246
1.11695 247
1.11695 250
1.11695 252
1.11695 255
1.11696 261
1.11696 262
1.11696 264
1.11696 265
1.11696 270
1.11696 273
1.11696 275
1.11697 280
1.11697 292
1.11697 294
1.11697 304
1.11697 305
1.11697 306
1.11698 307
1.11698 310
1.11698 317
1.11698 319
1.11698 327
1.11698 344
1.11698 358
1.11698 360
1.11699 368
1.11699 369
1.11699 375
1.11699 377
1.11699 379
1.11699 382
1.11699 384
1.11699 398
1.117 661
1.117 662
1.117 663
1.117 664
1.117 665
1.117 667
1.117 668
1.117 669
1.11701 670
1.11701 671
1.11701 672
1.12801 6
1.12801 110
1.12801 127
1.12801 137
1.12801 171
1.12801 185
1.12801 201
1.12801 202
1.12802 218
1.12802 219
1.12802 222
1.12802 225
1.12802 231
1.12802 236
1.12803 244
1.12803 247
1.12803 250
1.12803 251
1.12803 252
1.12803 255
1.12803 259
1.12804 261
1.12804 262
1.12804 264
1.12804 265
1.12804 277
1.12805 280
1.12805 283
1.12805 295
1.12805 305
1.12805 307
1.12806 310
1.12806 317
1.12806 344
1.12806 363
1.12806 368
1.12807 369
1.12807 375
1.12807 377
1.12807 382
1.12807 384
1.12807 398
1.12807 401
1.12808 406
1.12808 408
1.12808 411
1.12808 414
1.12808 428
1.12808 433
1.12808 444
1.12809 446
1.12809 454
1.12809 467
1.12809 673
1.12809 674
1.12809 675
1.12809 676
1.1281 677
1.1281 679
1.1281 680
1.1281 681
1.1281 682
1.1281 683
1.1281 684
1.1281 685
1.12811 686
1.12811 687
1.12811 688
1.12811 689
1.12811 691
1.12811 692
1.12811 693
1.12811 694
1.12812 695
1.12812 696
1.12812 698
1.13912 240
1.13912 247
1.13912 261
1.13912 273
1.13913 307
1.13913 310
1.13913 319
1.13913 327
1.13913 344
1.13914 358
1.13914 360
1.13914 363
1.13914 368
1.13914 375
1.13914 377
1.13914 379
1.13915 398
1.13915 406
1.13915 408
1.13915 411
1.13915 417
1.13915 428
1.13916 433
1.13916 439
1.13916 444
1.13916 450
1.13916 454
1.13916 457
1.13916 467
1.13916 490
1.13917 497
1.13917 500
1.13917 505
1.13917 507
1.13917 516
1.13917 517
1.13917 522
1.13918 523
1.13918 528
1.13918 532
1.13918 534
1.13918 537
1.13918 542
1.13918 699
1.13918 700
1.13919 702
1.13919 703
1.13919 704
1.13919 705
1.13919 706
1.13919 707
1.13919 708
1.1392 709
1.1392 710
1.1392 711
1.1392 712
1.1392 713
1.1392 714
1.1392 715
1.1392 716
1.1392 717
1.13921 718
1.13921 719
1.13921 720
1.13921 721
1.13921 723
1.13921 724
1.13921 725
1.13921 726
1.13922 727
1.13922 728
1.13922 731
1.13922 732
1.13922 733
1.13922 734
1.13922 735
1.13923 736
1.13923 737
1.13923 738
1.13923 739
1.15023 240
1.15023 363
1.15023 401
1.15023 406
1.15023 411
1.15024 417
1.15024 428
1.15024 439
1.15024 444
1.15024 446
1.15024 450
1.15025 454
1.15025 457
1.15025 467
1.15025 490
1.15025 491
1.15025 497
1.15025 500
1.15025 505
1.15026 507
1.15026 516
1.15026 517
1.15026 522
1.15026 523
1.15026 528
1.15026 531
1.15026 532
1.15026 534
1.15027 537
1.15027 542
1.15027 551
1.15027 553
1.15027 554
1.15027 741
1.15027 742
1.15027 743
1.15028 745
1.15028 746
1.15028 747
1.15028 749
1.15028 750
1.15028 752
1.15029 753
1.15029 755
1.15029 756
1.15029 757
1.15029 758
1.15029 759
1.15029 760
1.15029 761
1.1503 763
1.1503 764
1.1503 767
1.1503 768
1.1503 769
1.15031 770
1.15031 771
1.15031 772
1.15031 773
1.15031 775
1.15031 777
1.15032 782
1.15032 783
1.15032 785
1.15032 786
1.15033 789
1.15033 790
1.15033 791
1.15033 792
1.15033 793
1.15033 795
1.15033 796
1.15034 798
1.15034 799
1.15034 801
1.15034 802
1.16134 240
1.16134 417
1.16134 450
1.16134 457
1.16135 490
1.16135 491
1.16135 500
1.16135 505
1.16135 507
1.16135 516
1.16135 517
1.16136 522
1.16136 523
1.16136 528
1.16136 531
1.16136 532
1.16136 534
1.16136 537
1.16137 551
1.16137 553
1.16137 554
1.16137 562
1.16137 601
1.16137 602
1.16137 609
1.16137 610
1.16138 611
1.16138 803
1.16138 804
1.16138 805
1.16138 806
1.16138 807
1.16138 808
1.16138 810
1.16139 811
1.16139 812
1.16139 815
1.16139 816
1.16139 818
1.1614 821
1.1614 822
1.1614 823
1.1614 824
1.1614 825
1.1614 826
1.1614 827
1.1614 828
1.16141 829
1.16141 830
1.16141 833
1.16141 834
1.16142 838
1.16142 840
1.16142 841
1.16142 842
1.16142 844
1.16143 846
1.16143 847
1.16143 848
1.16143 851
1.16143 852
1.16143 853
1.16143 854
1.16144 858
1.16144 859
1.16144 860
1.16144 861
1.16144 862
1.16144 863
1.16145 864
1.16145 865
1.16145 866
1.16145 867
1.16145 868
1.16145 869
1.16145 870
1.17245 531
1.17245 551
1.17246 553
1.17246 598
1.17246 601
1.17246 610
1.17246 611
1.17247 612
1.17247 619
1.17247 621
1.17247 622
1.17247 623
1.17247 625
1.17248 633
1.17248 635
1.17248 637
1.17248 871
1.17248 872
1.17248 873
1.17249 875
1.17249 876
1.17249 877
1.17249 878
1.17249 879
1.17249 880
1.17249 881
1.17249 882
1.1725 883
1.1725 884
1.1725 885
1.1725 886
1.1725 887
1.1725 888
1.1725 889
1.1725 890
1.1725 891
1.17251 893
1.17251 894
1.17251 895
1.17251 896
1.17251 897
1.17251 898
1.17251 899
1.17251 900
1.17252 902
1.17252 903
1.17252 904
1.17252 906
1.17252 907
1.17252 908
1.17253 909
1.17253 910
1.17253 911
1.17253 912
1.17253 914
1.17253 916
1.17253 917
1.17254 918
1.17254 919
1.17254 920
1.17254 921
1.17254 922
1.17254 923
1.17254 924
1.17254 925
1.17254 926
1.17255 927
1.17255 928
1.17255 930
1.17255 931
1.17255 932
1.17255 935
1.17256 936
1.17256 937
1.17256 938
1.17256 939
1.17256 940
1.17256 941
1.17256 942
1.17256 943
1.18356 493
1.18356 562
1.18356 598
1.18357 601
1.18357 602
1.18357 609
1.18357 610
1.18357 611
1.18357 618
1.18357 621
1.18358 622
1.18358 623
1.18358 625
1.18358 630
1.18358 635
1.18358 637
1.18359 653
1.18359 655
1.18359 660
1.18359 666
1.18359 678
1.18359 690
1.18359 697
1.1836 944
1.1836 945
1.1836 946
1.1836 948
1.1836 949
1.1836 950
1.1836 951
1.18361 953
1.18361 954
1.18361 955
1.18361 956
1.18361 959
1.18361 960
1.18361 961
1.18362 963
1.18362 964
1.18362 965
1.18362 966
1.18362 968
1.18362 970
1.18363 973
1.18363 974
1.18363 975
1.18363 977
1.18363 978
1.18364 980
1.18364 981
1.18364 982
1.18364 983
1.18364 984
1.18364 985
1.18364 986
1.18364 987
1.18365 988
1.18365 990
1.18365 991
1.18365 992
1.18365 995
1.18365 996
1.18366 998
1.18366 999
1.18366 1000
1.18366 1001
1.18366 1002
1.18366 1003
1.18366 1004
1.18367 1007
1.18367 1008
1.18367 1009
1.18367 1010
1.18367 1011
1.18367 1012
1.18367 1013
1.18367 1014
1.19467 493
1.19467 598
1.19468 612
1.19468 619
1.19468 623
1.19468 625
1.19468 629
1.19468 630
1.19469 633
1.19469 635
1.19469 637
1.19469 653
1.19469 655
1.19469 660
1.1947 678
1.1947 690
1.1947 697
1.1947 701
1.1947 1015
1.1947 1017
1.1947 1018
1.1947 1019
1.19471 1020
1.19471 1021
1.19471 1022
1.19471 1023
1.19471 1025
1.19471 1026
1.19471 1027
1.19472 1029
1.19472 1030
1.19472 1033
1.19472 1034
1.19472 1035
1.19472 1036
1.19472 1037
1.19473 1038
1.19473 1039
1.19473 1041
1.19473 1042
1.19473 1043
1.19473 1044
1.19473 1045
1.19473 1046
1.19474 1047
1.19474 1049
1.19474 1050
1.19474 1051
1.19474 1052
1.19474 1053
1.19474 1054
1.19475 1055
1.19475 1057
1.19475 1058
1.19475 1059
1.19475 1061
1.19475 1062
1.19476 1064
1.19476 1065
1.19476 1066
1.19476 1067
1.19476 1068
1.19476 1070
1.19476 1071
1.19476 1072
1.19477 1075
1.19477 1077
1.19477 1078
1.19477 1079
1.19477 1080
1.19477 1081
1.19478 1082
1.19478 1085
1.19478 1088
1.19478 1089
1.19478 1090
1.20579 618
1.20579 629
1.20579 630
1.20579 653
1.20579 659
1.20579 660
1.20579 666
1.20579 678
1.2058 690
1.2058 697
1.2058 701
1.2058 722
1.2058 729
1.2058 730
1.2058 744
1.20581 751
1.20581 754
1.20581 1093
1.20581 1094
1.20581 1095
1.20581 1096
1.20582 1098
1.20582 1100
1.20582 1101
1.20582 1102
1.20582 1103
1.20582 1104
1.20582 1105
1.20582 1106
1.20583 1107
1.20583 1108
1.20583 1109
1.20583 1110
1.20583 1111
1.20583 1112
1.20583 1113
1.20583 1114
1.20583 1115
1.20584 1116
1.20584 1117
1.20584 1118
1.20584 1119
1.20584 1120
1.20584 1121
1.20584 1122
1.20584 1123
1.20584 1124
1.20585 1125
1.20585 1126
1.20585 1128
1.20585 1129
1.20585 1132
1.20586 1134
1.20586 1135
1.20586 1137
1.20586 1138
1.20586 1139
1.20586 1140
1.20586 1141
1.20587 1142
1.20587 1144
1.20587 1146
1.20587 1147
1.20587 1148
1.20587 1149
1.20587 1150
1.20588 1151
1.20588 1152
1.20588 1154
1.20588 1155
1.20588 1156
1.20588 1158
1.20588 1159
1.20589 1160
1.20589 1162
1.20589 1163
1.20589 1164
1.20589 1166
1.20589 1167
1.2059 1169
1.2059 1170
1.2169 629
1.2169 659
1.2169 722
1.2169 729
1.2169 730
1.2169 740
1.2169 744
1.2169 748
1.21691 751
1.21691 754
1.21691 762
1.21691 774
1.21691 778
1.21692 779
1.21692 780
1.21692 781
1.21692 784
1.21692 787
1.21692 794
1.21692 797
1.21692 800
1.21693 809
1.21693 819
1.21693 820
1.21693 831
1.21693 832
1.21694 837
1.21694 1171
1.21694 1172
1.21694 1173
1.21694 1174
1.21694 1175
1.21694 1176
1.21695 1177
1.21695 1178
1.21695 1179
1.21695 1180
1.21695 1181
1.21695 1182
1.21695 1183
1.21695 1184
1.21696 1186
1.21696 1187
1.21696 1190
1.21696 1191
1.21696 1193
1.21697 1194
1.21697 1195
1.21697 1196
1.21697 1197
1.21697 1198
1.21697 1199
1.21697 1200
1.21697 1201
1.21697 1202
1.21698 1203
1.21698 1204
1.21698 1205
1.21698 1206
1.21698 1207
1.21698 1208
1.21698 1209
1.21699 1213
1.21699 1214
1.21699 1215
1.21699 1216
1.21699 1218
1.21699 1219
1.21699 1220
1.217 1222
1.217 1223
1.217 1224
1.217 1225
1.217 1226
1.217 1227
1.217 1229
1.21701 1230
1.21701 1232
1.22801 659
1.22801 722
1.22801 730
1.22801 740
1.22801 751
1.22802 765
1.22802 766
1.22802 774
1.22802 776
1.22802 779
1.22803 780
1.22803 781
1.22803 784
1.22803 787
1.22803 797
1.22803 809
1.22804 813
1.22804 814
1.22804 819
1.22804 820
1.22804 831
1.22804 832
1.22805 839
1.22805 845
1.22805 849
1.22805 850
1.22805 855
1.22805 856
1.22806 874
1.22806 892
1.22806 901
1.22806 905
1.22806 913
1.22806 915
1.22806 1233
1.22807 1236
1.22807 1237
1.22807 1238
1.22807 1240
1.22807 1241
1.22807 1242
1.22807 1243
1.22808 1244
1.22808 1246
1.22808 1247
1.22808 1248
1.22808 1249
1.22808 1250
1.22808 1251
1.22808 1252
1.22809 1253
1.22809 1255
1.22809 1256
1.22809 1259
1.22809 1260
1.22809 1261
1.2281 1262
1.2281 1264
1.2281 1265
1.2281 1266
1.2281 1267
1.2281 1268
1.2281 1269
1.2281 1270
1.22811 1272
1.22811 1276
1.22811 1277
1.22811 1278
1.22811 1279
1.22812 1280
1.22812 1281
1.22812 1282
1.22812 1283
1.23912 740
1.23912 748
1.23912 762
1.23912 765
1.23912 766
1.23912 774
1.23912 776
1.23913 779
1.23913 780
1.23913 781
1.23913 784
1.23913 788
1.23913 794
1.23914 797
1.23914 809
1.23914 813
1.23914 814
1.23914 817
1.23914 819
1.23914 831
1.23915 832
1.23915 836
1.23915 839
1.23915 849
1.23915 850
1.23916 855
1.23916 856
1.23916 874
1.23916 892
1.23916 901
1.23916 905
1.23917 929
1.23917 934
1.23917 952
1.23917 957
1.23917 962
1.23917 967
1.23918 969
1.23918 979
1.23918 989
1.23918 993
1.23918 994
1.23918 997
1.23919 1284
1.23919 1285
1.23919 1286
1.23919 1287
1.23919 1288
1.23919 1289
1.23919 1290
1.23919 1291
1.2392 1293
1.2392 1294
1.2392 1295
1.2392 1296
1.2392 1297
1.2392 1298
1.2392 1300
1.23921 1301
1.23921 1302
1.23921 1303
1.23921 1305
1.23921 1306
1.23921 1307
1.23921 1309
1.23922 1310
1.23922 1311
1.23922 1313
1.23922 1315
1.23922 1317
1.23922 1318
1.23923 1319
1.23923 1320
1.23923 1321
1.23923 1322
1.23923 1323
1.25023 765
1.25023 776
1.25023 788
1.25023 813
1.25023 814
1.25024 817
1.25024 835
1.25024 836
1.25024 839
1.25024 843
1.25024 845
1.25024 849
1.25024 850
1.25025 855
1.25025 856
1.25025 892
1.25025 901
1.25025 905
1.25025 913
1.25025 915
1.25026 929
1.25026 934
1.25026 952
1.25026 962
1.25027 969
1.25027 971
1.25027 972
1.25027 976
1.25027 979
1.25027 989
1.25027 993
1.25027 994
1.25028 1016
1.25028 1024
1.25028 1028
1.25028 1031
1.25028 1032
1.25028 1040
1.25028 1048
1.25029 1056
1.25029 1060
1.25029 1069
1.25029 1073
1.25029 1074
1.25029 1076
1.25029 1324
1.25029 1325
1.2503 1326
1.2503 1328
1.2503 1330
1.2503 1332
1.2503 1333
1.25031 1334
1.25031 1335
1.25031 1337
1.25031 1338
1.25031 1339
1.25031 1341
1.25031 1342
1.25032 1343
1.25032 1344
1.25032 1345
1.25032 1346
1.25032 1349
1.25032 1350
1.25032 1351
1.25033 1352
1.25033 1353
1.25033 1354
1.25033 1356
1.25033 1358
1.25033 1359
1.25033 1360
1.25034 1364
1.25034 1365
1.25034 1366
1.26134 835
1.26134 843
1.26135 857
1.26135 929
1.26135 933
1.26135 934
1.26135 947
1.26135 952
1.26135 962
1.26136 967
1.26136 969
1.26136 971
1.26136 972
1.26136 976
1.26136 979
1.26136 989
1.26136 993
1.26137 994
1.26137 997
1.26137 1005
1.26137 1006
1.26137 1016
1.26137 1024
1.26137 1032
1.26138 1040
1.26138 1048
1.26138 1069
1.26138 1073
1.26138 1074
1.26138 1076
1.26139 1083
1.26139 1084
1.26139 1086
1.26139 1087
1.26139 1091
1.26139 1092
1.26139 1097
1.26139 1099
1.2614 1130
1.2614 1131
1.2614 1136
1.2614 1143
1.2614 1145
1.2614 1153
1.2614 1368
1.26141 1369
1.26141 1370
1.26141 1371
1.26141 1372
1.26141 1373
1.26141 1374
1.26141 1375
1.26141 1376
1.26142 1378
1.26142 1379
1.26142 1381
1.26142 1382
1.26142 1384
1.26143 1386
1.26143 1387
1.26143 1389
1.26143 1391
1.26143 1394
1.26144 1395
1.26144 1396
1.26144 1397
1.26144 1398
1.26144 1399
1.26144 1400
1.26144 1401
1.26144 1402
1.26145 1404
1.26145 1405
1.26145 1406
1.26145 1407
1.27245 835
1.27245 843
1.27245 857
1.27245 933
1.27246 958
1.27246 971
1.27246 972
1.27246 976
1.27246 1005
1.27246 1006
1.27246 1016
1.27246 1024
1.27247 1031
1.27247 1040
1.27247 1048
1.27247 1060
1.27248 1069
1.27248 1073
1.27248 1074
1.27248 1083
1.27248 1084
1.27248 1087
1.27249 1092
1.27249 1097
1.27249 1099
1.27249 1127
1.27249 1130
1.27249 1131
1.27249 1133
1.27249 1136
1.27249 1143
1.2725 1145
1.2725 1153
1.2725 1157
1.2725 1161
1.2725 1165
1.2725 1168
1.2725 1185
1.2725 1188
1.2725 1189
1.27251 1192
1.27251 1211
1.27251 1212
1.27251 1217
1.27251 1414
1.27252 1415
1.27252 1416
1.27252 1417
1.27252 1418
1.27252 1419
1.27252 1420
1.27253 1423
1.27253 1424
1.27253 1425
1.27253 1426
1.27253 1427
1.27253 1428
1.27253 1429
1.27253 1430
1.27253 1431
1.27254 1432
1.27254 1435
1.27254 1436
1.27254 1437
1.27254 1438
1.27254 1439
1.27255 1441
1.27255 1442
1.27255 1443
1.27255 1444
1.27255 1445
1.27255 1446
1.27255 1447
1.27255 1448
1.27255 1449
1.27256 1450
1.27256 1451
1.27256 1452
1.27256 1453
1.27256 1455
1.27256 1456
1.27256 1457
1.28356 857
1.28356 933
1.28357 958
1.28357 1005
1.28357 1006
1.28357 1063
1.28357 1083
1.28357 1084
1.28357 1086
1.28357 1087
1.28357 1091
1.28358 1092
1.28358 1097
1.28358 1099
1.28358 1127
1.28358 1130
1.28358 1131
1.28358 1136
1.28359 1143
1.28359 1145
1.28359 1153
1.28359 1161
1.28359 1165
1.28359 1168
1.28359 1185
1.28359 1188
1.2836 1189
1.2836 1192
1.2836 1210
1.2836 1211
1.2836 1212
1.2836 1217
1.2836 1221
1.2836 1228
1.28361 1234
1.28361 1235
1.28361 1239
1.28361 1245
1.28361 1254
1.28361 1257
1.28361 1258
1.28361 1263
1.28361 1271
1.28362 1273
1.28362 1274
1.28362 1275
1.28362 1458
1.28362 1460
1.28362 1461
1.28363 1464
1.28363 1465
1.28363 1466
1.28363 1467
1.28363 1468
1.28363 1469
1.28363 1470
1.28363 1471
1.28364 1472
1.28364 1473
1.28364 1474
1.28364 1475
1.28364 1476
1.28364 1477
1.28364 1478
1.28364 1480
1.28365 1482
1.28365 1483
1.28365 1484
1.28365 1485
1.28365 1486
1.28365 1487
1.28365 1488
1.28366 1490
1.28366 1491
1.28366 1493
1.28366 1494
1.28366 1496
1.28366 1497
1.28366 1498
1.28367 1499
1.28367 1500
1.28367 1501
1.28367 1503
1.28367 1506
1.28367 1507
1.29467 958
1.29467 1063
1.29468 1127
1.29468 1157
1.29468 1161
1.29468 1168
1.29468 1185
1.29468 1188
1.29468 1189
1.29469 1210
1.29469 1211
1.29469 1212
1.29469 1217
1.29469 1221
1.29469 1231
1.2947 1234
1.2947 1239
1.2947 1245
1.2947 1254
1.2947 1258
1.2947 1263
1.2947 1271
1.29471 1273
1.29471 1274
1.29471 1275
1.29471 1292
1.29471 1299
1.29471 1308
1.29471 1312
1.29471 1314
1.29472 1316
1.29472 1327
1.29472 1329
1.29472 1331
1.29472 1509
1.29472 1510
1.29472 1511
1.29472 1512
1.29473 1514
1.29473 1515
1.29473 1516
1.29473 1517
1.29473 1519
1.29473 1521
1.29474 1522
1.29474 1524
1.29474 1525
1.29474 1526
1.29474 1527
1.29474 1528
1.29474 1529
1.29475 1530
1.29475 1531
1.29475 1532
1.29475 1533
1.29475 1535
1.29475 1536
1.29475 1538
1.29476 1539
1.29476 1542
1.29476 1543
1.29476 1544
1.29476 1545
1.29476 1546
1.29476 1547
1.29477 1548
1.29477 1549
1.29477 1550
1.29477 1551
1.29477 1552
1.29477 1553
1.29477 1555
1.29477 1556
1.29478 1557
1.29478 1558
1.29478 1559
1.29478 1560
1.29478 1561
1.29478 1562
1.29478 1564
1.29478 1565
1.29479 1566
1.30579 1210
1.30579 1221
1.30579 1228
1.30579 1231
1.30579 1235
1.30579 1245
1.30579 1254
1.3058 1257
1.3058 1271
1.3058 1273
1.3058 1274
1.3058 1275
1.3058 1292
1.30581 1299
1.30581 1304
1.30581 1308
1.30581 1312
1.30581 1316
1.30581 1329
1.30581 1331
1.30582 1567
1.30582 1569
1.30582 1570
1.30582 1572
1.30582 1573
1.30582 1574
1.30582 1575
1.30583 1576
1.30583 1577
1.30583 1579
1.30583 1580
1.30583 1581
1.30583 1583
1.30584 1585
1.30584 1586
1.30584 1587
1.30584 1588
1.30584 1589
1.30584 1591
1.30584 1592
1.30584 1593
1.30585 1594
1.30585 1596
1.30585 1597
1.30585 1598
1.30585 1600
1.30586 1602
1.30586 1603
1.30586 1606
1.30586 1608
1.30586 1609
1.30586 1610
1.30587 1611
1.30587 1613
1.30587 1614
1.30587 1615
1.30587 1616
1.30587 1619
1.30588 1620
1.30588 1621
1.30588 1622
1.30588 1623
1.30588 1627
1.30589 1629
1.30589 1630
1.30589 1631
1.30589 1632
1.30589 1633
1.30589 1634
1.30589 1635
1.30589 1636
1.30589 1637
1.3059 1638
1.3169 1231
1.3169 1292
1.3169 1299
1.3169 1312
1.3169 1314
1.3169 1327
1.31691 1329
1.31691 1331
1.31691 1336
1.31691 1340
1.31691 1640
1.31691 1641
1.31691 1643
1.31692 1646
1.31692 1647
1.31692 1648
1.31692 1650
1.31692 1651
1.31692 1652
1.31693 1653
1.31693 1654
1.31693 1655
1.31693 1656
1.31693 1657
1.31693 1661
1.31694 1663
1.31694 1664
1.31694 1665
1.31694 1666
1.31694 1667
1.31694 1668
1.31694 1669
1.31694 1670
1.31695 1671
1.31695 1672
1.31695 1673
1.31695 1674
1.31695 1675
1.31695 1676
1.31695 1677
1.31695 1678
1.31695 1679
1.31696 1680
1.31696 1681
1.31696 1682
1.31696 1683
1.31696 1684
1.31696 1685
1.31697 1688
1.31697 1689
1.31697 1691
1.31697 1692
1.31697 1693
1.31697 1694
1.31697 1696
1.31698 1697
1.31698 1699
1.31698 1700
1.31698 1701
1.31698 1702
1.31698 1703
1.31698 1704
1.31698 1705
1.31699 1706
1.31699 1707
1.31699 1708
1.31699 1709
1.31699 1710
1.31699 1711
1.31699 1712
1.31699 1713
1.31699 1714
1.317 1715
1.317 1716
1.317 1717
1.317 1718
1.317 1720
1.317 1723
1.31701 1724
1.31701 1726
1.32801 1336
1.32801 1340
1.32801 1347
1.32801 1348
1.32801 1355
1.32801 1357
1.32801 1361
1.32802 1362
1.32802 1363
1.32802 1367
1.32802 1377
1.32802 1385
1.32802 1388
1.32803 1392
1.32803 1393
1.32803 1727
1.32803 1729
1.32803 1730
1.32803 1732
1.32804 1733
1.32804 1734
1.32804 1735
1.32804 1737
1.32804 1738
1.32804 1739
1.32804 1740
1.32804 1741
1.32805 1743
1.32805 1744
1.32805 1745
1.32805 1746
1.32805 1747
1.32805 1748
1.32805 1750
1.32806 1751
1.32806 1752
1.32806 1753
1.32806 1755
1.32806 1757
1.32806 1758
1.32806 1759
1.32807 1760
1.32807 1761
1.32807 1762
1.32807 1763
1.32807 1765
1.32807 1766
1.32807 1767
1.32808 1768
1.32808 1769
1.32808 1770
1.32808 1771
1.32808 1772
1.32808 1773
1.32808 1774
1.32808 1775
1.32808 1776
1.32809 1777
1.32809 1778
1.32809 1779
1.32809 1780
1.32809 1781
1.32809 1784
1.3281 1786
1.3281 1787
1.3281 1788
1.3281 1789
1.3281 1790
1.3281 1794
1.32811 1796
1.32811 1797
1.32811 1798
1.32811 1799
1.32811 1800
1.32811 1801
1.32811 1802
1.32811 1803
1.32812 1804
1.32812 1805
1.32812 1806
1.32812 1807
1.33912 1336
1.33912 1347
1.33912 1348
1.33912 1361
1.33913 1362
1.33913 1363
1.33913 1367
1.33913 1377
1.33913 1385
1.33913 1388
1.33914 1390
1.33914 1393
1.33914 1408
1.33914 1409
1.33914 1410
1.33914 1411
1.33914 1412
1.33915 1413
1.33915 1421
1.33915 1433
1.33915 1434
1.33915 1440
1.33915 1454
1.33915 1459
1.33915 1462
1.33916 1463
1.33916 1808
1.33916 1810
1.33916 1812
1.33916 1814
1.33916 1815
1.33917 1816
1.33917 1819
1.33917 1820
1.33917 1822
1.33917 1823
1.33917 1824
1.33918 1825
1.33918 1826
1.33918 1827
1.33918 1828
1.33918 1829
1.33918 1830
1.33918 1831
1.33918 1832
1.33918 1833
1.33919 1834
1.33919 1835
1.33919 1836
1.33919 1838
1.33919 1839
1.33919 1840
1.33919 1841
1.3392 1842
1.3392 1843
1.3392 1844
1.3392 1845
1.3392 1846
1.3392 1847
1.3392 1848
1.3392 1849
1.3392 1850
1.33921 1851
1.33921 1852
1.33921 1853
1.33921 1854
1.33921 1856
1.33921 1857
1.33921 1859
1.33922 1860
1.33922 1863
1.33922 1864
1.33922 1865
1.33922 1867
1.33922 1868
1.33923 1869
1.33923 1870
1.33923 1871
1.33923 1872
1.33923 1873
1.35023 1347
1.35023 1361
1.35023 1362
1.35024 1367
1.35024 1380
1.35024 1383
1.35024 1388
1.35024 1390
1.35025 1403
1.35025 1408
1.35025 1410
1.35025 1411
1.35025 1412
1.35025 1413
1.35026 1421
1.35026 1422
1.35026 1433
1.35026 1434
1.35026 1440
1.35026 1454
1.35026 1459
1.35026 1462
1.35026 1463
1.35027 1481
1.35027 1489
1.35027 1492
1.35027 1495
1.35027 1502
1.35027 1504
1.35027 1505
1.35027 1508
1.35028 1513
1.35028 1518
1.35028 1520
1.35028 1523
1.35028 1534
1.35028 1537
1.35028 1540
1.35028 1541
1.35028 1874
1.35029 1875
1.35029 1878
1.35029 1880
1.35029 1881
1.35029 1882
1.35029 1883
1.3503 1884
1.3503 1885
1.3503 1886
1.3503 1887
1.3503 1888
1.3503 1889
1.35031 1892
1.35031 1893
1.35031 1894
1.35031 1896
1.35031 1898
1.35031 1899
1.35031 1900
1.35032 1901
1.35032 1902
1.35032 1905
1.35032 1908
1.35033 1910
1.35033 1911
1.35033 1912
1.35033 1913
1.35033 1915
1.35033 1916
1.35033 1918
1.35034 1919
1.35034 1920
1.35034 1921
1.35034 1922
1.35034 1923
1.36134 1380
1.36134 1383
1.36134 1390
1.36134 1403
1.36135 1409
1.36135 1410
1.36135 1412
1.36135 1413
1.36135 1422
1.36135 1433
1.36136 1454
1.36136 1462
1.36136 1463
1.36136 1479
1.36136 1481
1.36136 1489
1.36137 1492
1.36137 1495
1.36137 1502
1.36137 1504
1.36137 1505
1.36137 1513
1.36137 1518
1.36137 1520
1.36138 1523
1.36138 1534
1.36138 1537
1.36138 1540
1.36138 1541
1.36138 1568
1.36138 1571
1.36139 1578
1.36139 1582
1.36139 1599
1.36139 1601
1.36139 1604
1.36139 1605
1.3614 1607
1.3614 1612
1.3614 1617
1.3614 1618
1.3614 1624
1.3614 1625
1.3614 1628
1.3614 1925
1.36141 1926
1.36141 1927
1.36141 1928
1.36141 1929
1.36141 1930
1.36141 1931
1.36141 1932
1.36141 1933
1.36142 1934
1.36142 1939
1.36142 1941
1.36142 1942
1.36143 1943
1.36143 1945
1.36143 1946
1.36143 1947
1.36143 1949
1.36143 1950
1.36143 1951
1.36144 1954
1.36144 1955
1.36144 1956
1.36144 1957
1.36144 1959
1.36144 1960
1.36145 1961
1.36145 1962
1.36145 1963
1.36145 1964
1.36145 1967
1.37245 1380
1.37245 1403
1.37245 1422
1.37246 1479
1.37246 1481
1.37246 1489
1.37246 1492
1.37246 1495
1.37246 1502
1.37246 1504
1.37246 1505
1.37246 1508
1.37247 1513
1.37247 1520
1.37247 1534
1.37247 1540
1.37247 1541
1.37248 1568
1.37248 1571
1.37248 1582
1.37248 1584
1.37248 1595
1.37249 1599
1.37249 1601
1.37249 1604
1.37249 1607
1.37249 1612
1.37249 1624
1.3725 1625
1.3725 1626
1.3725 1628
1.3725 1639
1.3725 1642
1.3725 1645
1.3725 1649
1.37251 1659
1.37251 1660
1.37251 1662
1.37251 1686
1.37251 1687
1.37251 1690
1.37251 1695
1.37251 1698
1.37252 1968
1.37252 1969
1.37252 1970
1.37252 1971
1.37252 1972
1.37252 1973
1.37252 1974
1.37252 1975
1.37253 1976
1.37253 1977
1.37253 1978
1.37253 1979
1.37253 1980
1.37253 1982
1.37253 1983
1.37253 1984
1.37254 1985
1.37254 1986
1.37254 1990
1.37254 1991
1.37254 1992
1.37254 1993
1.37255 1994
1.37255 1995
1.37255 1996
1.37255 1997
1.37255 2000
1.37255 2001
1.37256 2003
1.37256 2005
1.37256 2006
1.37256 2007
1.37256 2008
1.37256 2009
1.38356 1479
1.38356 1563
1.38357 1578
1.38357 1582
1.38357 1584
1.38357 1590
1.38357 1595
1.38357 1599
1.38357 1601
1.38358 1604
1.38358 1605
1.38358 1607
1.38358 1612
1.38358 1617
1.38358 1618
1.38358 1624
1.38359 1628
1.38359 1639
1.38359 1644
1.38359 1645
1.38359 1658
1.3836 1660
1.3836 1662
1.3836 1690
1.3836 1695
1.3836 1698
1.3836 1719
1.3836 1721
1.38361 1722
1.38361 1725
1.38361 1728
1.38361 1731
1.38361 1736
1.38361 1742
1.38361 1756
1.38362 1782
1.38362 1783
1.38362 1785
1.38362 1791
1.38362 1792
1.38362 1793
1.38362 2011
1.38363 2014
1.38363 2015
1.38363 2016
1.38363 2018
1.38363 2019
1.38364 2021
1.38364 2022
1.38364 2023
1.38364 2024
1.38364 2025
1.38364 2026
1.38364 2028
1.38364 2029
1.38365 2031
1.38365 2032
1.38365 2033
1.38365 2034
1.38365 2035
1.38365 2036
1.38365 2037
1.38365 2038
1.38366 2039
1.38366 2040
1.38366 2042
1.38366 2043
1.38366 2044
1.38366 2045
1.38366 2046
1.38366 2047
1.38367 2049
1.38367 2050
1.38367 2051
1.38367 2052
1.38367 2053
1.38367 2054
1.38367 2055
1.38367 2056
1.39467 1554
1.39467 1563
1.39468 1584
1.39468 1590
1.39468 1595
1.39468 1626
1.39468 1639
1.39468 1642
1.39468 1644
1.39468 1645
1.39469 1659
1.39469 1660
1.39469 1687
1.39469 1690
1.39469 1695
1.3947 1698
1.3947 1719
1.3947 1725
1.3947 1728
1.3947 1731
1.3947 1736
1.39471 1749
1.39471 1754
1.39471 1764
1.39471 1782
1.39471 1785
1.39471 1792
1.39472 1793
1.39472 1795
1.39472 1809
1.39472 1813
1.39472 1817
1.39472 1818
1.39472 1837
1.39473 2058
1.39473 2059
1.39473 2060
1.39473 2061
1.39473 2062
1.39473 2063
1.39473 2065
1.39474 2066
1.39474 2067
1.39474 2068
1.39474 2070
1.39474 2071
1.39474 2072
1.39475 2074
1.39475 2075
1.39475 2076
1.39475 2077
1.39475 2079
1.39475 2080
1.39475 2081
1.39476 2085
1.39476 2086
1.39476 2087
1.39476 2088
1.39476 2089
1.39476 2090
1.39476 2091
1.39477 2092
1.39477 2093
1.39477 2095
1.39477 2096
1.39477 2099
1.39477 2100
1.39478 2101
1.39478 2103
1.39478 2104
1.39478 2105
1.39478 2107
1.39478 2108
1.39478 2109
1.39479 2110
1.40578 1554
1.40579 1563
1.40579 1644
1.40579 1719
1.40579 1721
1.40579 1722
1.40579 1725
1.40579 1728
1.4058 1731
1.4058 1736
1.4058 1749
1.4058 1754
1.4058 1764
1.4058 1782
1.40581 1783
1.40581 1785
1.40581 1792
1.40581 1795
1.40581 1809
1.40581 1813
1.40582 1817
1.40582 1821
1.40582 1837
1.40582 1858
1.40582 1861
1.40582 1862
1.40582 1866
1.40583 1876
1.40583 1877
1.40583 1879
1.40583 1890
1.40583 1891
1.40583 1895
1.40583 1903
1.40583 1904
1.40584 1906
1.40584 1907
1.40584 1909
1.40584 2111
1.40584 2112
1.40584 2113
1.40584 2114
1.40584 2115
1.40584 2116
1.40585 2118
1.40585 2119
1.40585 2120
1.40585 2122
1.40585 2123
1.40585 2124
1.40586 2125
1.40586 2126
1.40586 2128
1.40586 2129
1.40586 2130
1.40586 2131
1.40586 2132
1.40586 2133
1.40587 2134
1.40587 2135
1.40587 2136
1.40587 2139
1.40587 2140
1.40587 2142
1.40588 2143
1.40588 2144
1.40588 2145
1.40588 2146
1.40588 2147
1.40588 2148
1.40589 2152
1.40589 2153
1.40589 2156
1.40589 2157
1.40589 2158
1.40589 2160
1.4059 2161
1.4169 1554
1.4169 1749
1.4169 1754
1.4169 1764
1.4169 1809
1.4169 1811
1.4169 1813
1.4169 1817
1.41691 1837
1.41691 1858
1.41691 1861
1.41691 1866
1.41692 1876
1.41692 1877
1.41692 1890
1.41692 1891
1.41692 1895
1.41692 1897
1.41692 1903
1.41692 1904
1.41693 1907
1.41693 1909
1.41693 1914
1.41693 1917
1.41693 1924
1.41693 1935
1.41693 1936
1.41693 1937
1.41694 1940
1.41694 1952
1.41694 1953
1.41694 1958
1.41694 1965
1.41694 1966
1.41695 2163
1.41695 2165
1.41695 2167
1.41695 2168
1.41695 2169
1.41695 2170
1.41695 2171
1.41696 2174
1.41696 2175
1.41696 2176
1.41696 2177
1.41696 2179
1.41697 2180
1.41697 2181
1.41697 2182
1.41697 2183
1.41697 2184
1.41697 2185
1.41697 2186
1.41697 2187
1.41697 2188
1.41698 2189
1.41698 2190
1.41698 2191
1.41698 2192
1.41698 2193
1.41698 2194
1.41698 2196
1.41698 2197
1.41699 2198
1.41699 2199
1.41699 2200
1.41699 2201
1.41699 2203
1.41699 2205
1.41699 2206
1.417 2207
1.417 2208
1.417 2209
1.417 2210
1.417 2212
1.417 2213
1.417 2214
1.417 2215
1.41701 2216
1.41701 2217
1.41701 2218
1.42801 1811
1.42801 1821
1.42801 1855
1.42801 1858
1.42801 1861
1.42801 1862
1.42801 1866
1.42802 1877
1.42802 1879
1.42802 1890
1.42802 1891
1.42802 1895
1.42802 1897
1.42803 1906
1.42803 1907
1.42803 1909
1.42803 1924
1.42803 1935
1.42803 1936
1.42803 1937
1.42804 1938
1.42804 1940
1.42804 1944
1.42804 1948
1.42804 1952
1.42804 1953
1.42804 1958
1.42804 1966
1.42805 1981
1.42805 1987
1.42805 1988
1.42805 1989
1.42805 1998
1.42805 1999
1.42805 2004
1.42805 2010
1.42806 2012
1.42806 2013
1.42806 2017
1.42806 2219
1.42806 2220
1.42806 2222
1.42806 2223
1.42807 2225
1.42807 2226
1.42807 2228
1.42807 2230
1.42807 2231
1.42808 2232
1.42808 2233
1.42808 2234
1.42808 2236
1.42808 2237
1.42808 2238
1.42808 2239
1.42808 2240
1.42809 2241
1.42809 2242
1.42809 2244
1.42809 2245
1.42809 2246
1.42809 2247
1.42809 2248
1.4281 2250
1.4281 2253
1.4281 2255
1.4281 2257
1.4281 2258
1.42811 2259
1.42811 2260
1.42811 2261
1.42811 2262
1.42811 2263
1.42811 2264
1.42811 2265
1.42811 2266
1.42811 2267
1.42812 2268
1.42812 2269
1.42812 2270
1.42812 2271
1.43912 1811
1.43912 1855
1.43912 1897
1.43912 1914
1.43912 1935
1.43913 1936
1.43913 1940
1.43913 1948
1.43913 1952
1.43913 1953
1.43914 1965
1.43914 1981
1.43914 1987
1.43914 1988
1.43914 1989
1.43914 1998
1.43914 1999
1.43915 2002
1.43915 2004
1.43915 2010
1.43915 2012
1.43915 2013
1.43915 2017
1.43915 2020
1.43915 2027
1.43915 2030
1.43916 2041
1.43916 2048
1.43916 2064
1.43916 2069
1.43916 2073
1.43916 2078
1.43916 2082
1.43917 2084
1.43917 2272
1.43917 2273
1.43917 2274
1.43917 2275
1.43917 2276
1.43917 2277
1.43917 2278
1.43917 2279
1.43918 2280
1.43918 2281
1.43918 2282
1.43918 2283
1.43918 2285
1.43918 2286
1.43918 2288
1.43919 2289
1.43919 2290
1.43919 2291
1.43919 2292
1.43919 2293
1.43919 2294
1.43919 2295
1.43919 2296
1.4392 2299
1.4392 2300
1.4392 2301
1.4392 2302
1.4392 2304
1.4392 2305
1.43921 2306
1.43921 2307
1.43921 2308
1.43921 2309
1.43921 2310
1.43921 2311
1.43921 2312
1.43921 2313
1.43921 2314
1.43922 2315
1.43922 2318
1.43922 2319
1.43922 2323
1.43923 2326
1.43923 2327
1.43923 2328
1.45023 1855
1.45023 1944
1.45023 1981
1.45023 1987
1.45024 1988
1.45024 1989
1.45024 1998
1.45024 1999
1.45024 2002
1.45024 2004
1.45024 2010
1.45025 2013
1.45025 2017
1.45025 2020
1.45025 2027
1.45025 2030
1.45025 2041
1.45025 2048
1.45025 2057
1.45025 2064
1.45026 2083
1.45026 2084
1.45026 2329
1.45026 2330
1.45026 2331
1.45027 2332
1.45027 2333
1.45027 2334
1.45027 2335
1.45027 2336
1.45027 2337
1.45027 2338
1.45027 2339
1.45027 2340
1.45028 2341
1.45028 2342
1.45028 2343
1.45028 2344
1.45028 2345
1.45028 2346
1.45028 2347
1.45028 2348
1.45028 2349
1.45029 2351
1.45029 2352
1.45029 2353
1.45029 2355
1.45029 2356
1.45029 2357
1.4503 2359
1.4503 2360
1.4503 2362
1.4503 2363
1.4503 2364
1.4503 2365
1.4503 2366
1.45031 2367
1.45031 2368
1.45031 2369
1.45031 2370
1.45031 2371
1.45031 2372
1.45031 2373
1.45031 2374
1.45032 2376
1.45032 2378
1.45032 2379
1.45032 2380
1.45032 2381
1.45032 2382
1.45032 2383
1.45032 2384
1.45033 2385
1.45033 2386
1.45033 2387
1.45033 2388
1.45033 2389
1.45033 2390
1.45033 2391
1.45033 2392
1.45033 2393
1.45034 2394
1.45034 2395
1.45034 2396
1.46134 2020
1.46134 2027
1.46134 2041
1.46135 2048
1.46135 2057
1.46135 2069
1.46135 2078
1.46135 2082
1.46135 2083
1.46136 2094
1.46136 2097
1.46136 2098
1.46136 2102
1.46136 2106
1.46136 2117
1.46136 2400
1.46136 2401
1.46137 2402
1.46137 2404
1.46137 2405
1.46137 2406
1.46137 2407
1.46137 2408
1.46137 2410
1.46138 2411
1.46138 2415
1.46138 2417
1.46138 2418
1.46138 2419
1.46139 2420
1.46139 2422
1.46139 2423
1.46139 2424
1.46139 2425
1.46139 2427
1.4614 2429
1.4614 2430
1.4614 2431
1.4614 2432
1.4614 2433
1.4614 2435
1.4614 2436
1.46141 2438
1.46141 2439
1.46141 2440
1.46141 2442
1.46141 2445
1.46142 2446
1.46142 2447
1.46142 2448
1.46142 2449
1.46142 2450
1.46142 2451
1.46142 2454
1.46143 2456
1.46143 2459
1.46143 2461
1.46144 2464
1.46144 2465
1.46144 2467
1.46144 2468
1.46144 2470
1.46144 2471
1.46144 2472
1.46145 2473
1.46145 2474
1.46145 2475
1.46145 2476
1.46145 2477
1.46145 2478
1.47245 2057
1.47245 2083
1.47245 2094
1.47245 2097
1.47246 2098
1.47246 2102
1.47246 2106
1.47246 2117
1.47246 2121
1.47246 2127
1.47246 2137
1.47246 2138
1.47246 2141
1.47247 2149
1.47247 2150
1.47247 2155
1.47247 2159
1.47247 2162
1.47247 2164
1.47248 2172
1.47248 2173
1.47248 2483
1.47248 2484
1.47249 2485
1.47249 2486
1.47249 2487
1.47249 2488
1.47249 2489
1.47249 2490
1.47249 2491
1.47249 2493
1.4725 2494
1.4725 2495
1.4725 2496
1.4725 2498
1.4725 2499
1.4725 2500
1.4725 2501
1.4725 2502
1.47251 2503
1.47251 2505
1.47251 2506
1.47251 2507
1.47251 2508
1.47251 2509
1.47251 2510
1.47252 2512
1.47252 2513
1.47252 2516
1.47252 2517
1.47252 2519
1.47253 2520
1.47253 2521
1.47253 2522
1.47253 2523
1.47253 2524
1.47253 2526
1.47254 2529
1.47254 2530
1.47254 2531
1.47254 2532
1.47254 2533
1.47254 2535
1.47254 2536
1.47254 2537
1.47255 2538
1.47255 2539
1.47255 2540
1.47255 2541
1.47255 2542
1.47255 2545
1.47256 2547
1.47256 2548
1.47256 2549
1.47256 2550
1.47256 2551
1.47256 2552
1.47256 2553
1.47256 2554
1.48356 2094
1.48356 2097
1.48357 2102
1.48357 2106
1.48357 2117
1.48357 2127
1.48357 2137
1.48357 2138
1.48357 2141
1.48357 2149
1.48358 2150
1.48358 2151
1.48358 2154
1.48358 2155
1.48358 2159
1.48358 2162
1.48358 2164
1.48358 2166
1.48359 2172
1.48359 2173
1.48359 2178
1.48359 2195
1.48359 2202
1.48359 2204
1.48359 2221
1.4836 2227
1.4836 2229
1.4836 2243
1.4836 2555
1.4836 2556
1.4836 2557
1.4836 2558
1.4836 2559
1.48361 2562
1.48361 2564
1.48361 2566
1.48361 2567
1.48362 2569
1.48362 2570
1.48362 2571
1.48362 2572
1.48362 2573
1.48362 2574
1.48362 2575
1.48362 2576
1.48362 2577
1.48363 2578
1.48363 2579
1.48363 2580
1.48363 2581
1.48363 2582
1.48363 2583
1.48363 2584
1.48363 2585
1.48364 2586
1.48364 2587
1.48364 2589
1.48364 2590
1.48364 2591
1.48364 2592
1.48364 2593
1.48364 2594
1.48365 2595
1.48365 2597
1.48365 2598
1.48365 2599
1.48365 2600
1.48365 2601
1.48366 2604
1.48366 2605
1.48366 2606
1.48366 2607
1.48366 2608
1.48366 2609
1.48366 2610
1.48366 2612
1.48367 2614
1.48367 2615
1.48367 2616
1.48367 2617
1.48367 2618
1.48367 2619
1.48367 2620
1.48367 2621
1.49467 2127
1.49468 2137
1.49468 2138
1.49468 2141
1.49468 2149
1.49468 2151
1.49468 2154
1.49468 2155
1.49468 2159
1.49469 2162
1.49469 2166
1.49469 2172
1.49469 2173
1.49469 2178
1.49469 2195
1.49469 2202
1.4947 2204
1.4947 2211
1.4947 2224
1.4947 2227
1.4947 2229
1.4947 2235
1.4947 2243
1.4947 2249
1.49471 2251
1.49471 2252
1.49471 2254
1.49471 2256
1.49471 2284
1.49471 2287
1.49471 2297
1.49471 2298
1.49471 2303
1.49472 2316
1.49472 2320
1.49472 2321
1.49472 2324
1.49472 2325
1.49472 2622
1.49472 2623
1.49473 2624
1.49473 2625
1.49473 2626
1.49473 2628
1.49473 2629
1.49473 2630
1.49473 2632
1.49474 2634
1.49474 2635
1.49474 2636
1.49474 2637
1.49474 2639
1.49475 2641
1.49475 2642
1.49475 2643
1.49475 2644
1.49475 2646
1.49475 2647
1.49475 2648
1.49476 2651
1.49476 2652
1.49476 2653
1.49476 2655
1.49476 2656
1.49476 2657
1.49476 2658
1.49477 2660
1.49477 2661
1.49477 2662
1.49477 2664
1.49477 2667
1.49478 2668
1.49478 2669
1.49478 2672
1.49478 2673
1.49478 2674
1.49478 2675
1.49479 2677
1.50579 2154
1.50579 2166
1.50579 2178
1.50579 2195
1.50579 2202
1.50579 2211
1.50579 2224
1.5058 2227
1.5058 2229
1.5058 2235
1.5058 2243
1.5058 2249
1.5058 2251
1.5058 2254
1.50581 2256
1.50581 2284
1.50581 2298
1.50581 2303
1.50581 2316
1.50581 2320
1.50582 2321
1.50582 2322
1.50582 2324
1.50582 2350
1.50582 2354
1.50582 2358
1.50582 2375
1.50583 2377
1.50583 2397
1.50583 2398
1.50583 2399
1.50583 2403
1.50583 2409
1.50583 2678
1.50583 2679
1.50584 2681
1.50584 2682
1.50584 2683
1.50584 2684
1.50584 2685
1.50584 2686
1.50584 2688
1.50585 2690
1.50585 2692
1.50585 2693
1.50585 2694
1.50585 2696
1.50585 2697
1.50586 2698
1.50586 2699
1.50586 2700
1.50586 2701
1.50586 2704
1.50586 2705
1.50586 2706
1.50587 2708
1.50587 2710
1.50587 2711
1.50587 2712
1.50587 2714
1.50587 2715
1.50588 2716
1.50588 2717
1.50588 2718
1.50588 2719
1.50588 2721
1.50588 2722
1.50588 2724
1.50589 2725
1.50589 2726
1.50589 2727
1.50589 2728
1.50589 2730
1.50589 2731
1.50589 2732
1.5059 2734
1.5059 2735
1.5169 2224
1.5169 2235
1.5169 2249
1.5169 2251
1.5169 2252
1.5169 2256
1.5169 2284
1.51691 2297
1.51691 2298
1.51691 2303
1.51691 2316
1.51691 2317
1.51691 2320
1.51691 2321
1.51692 2324
1.51692 2325
1.51692 2350
1.51692 2354
1.51692 2358
1.51692 2361
1.51692 2375
1.51692 2377
1.51693 2399
1.51693 2403
1.51693 2409
1.51693 2412
1.51693 2413
1.51693 2414
1.51694 2421
1.51694 2428
1.51694 2434
1.51694 2437
1.51694 2443
1.51695 2455
1.51695 2457
1.51695 2458
1.51695 2462
1.51695 2469
1.51696 2479
1.51696 2481
1.51696 2482
1.51696 2737
1.51696 2738
1.51696 2739
1.51697 2743
1.51697 2745
1.51697 2746
1.51697 2747
1.51697 2748
1.51698 2749
1.51698 2750
1.51698 2751
1.51698 2752
1.51698 2754
1.51698 2755
1.51698 2756
1.51698 2757
1.51699 2758
1.51699 2759
1.51699 2760
1.51699 2761
1.51699 2762
1.51699 2764
1.51699 2765
1.517 2767
1.517 2768
1.517 2769
1.517 2770
1.517 2771
1.517 2772
1.517 2775
1.51701 2778
1.52801 2317
1.52801 2322
1.52801 2350
1.52801 2354
1.52801 2358
1.52801 2361
1.52801 2375
1.52801 2377
1.52802 2399
1.52802 2403
1.52802 2409
1.52802 2412
1.52802 2413
1.52802 2414
1.52803 2416
1.52803 2421
1.52803 2426
1.52803 2428
1.52803 2434
1.52803 2437
1.52803 2441
1.52803 2443
1.52803 2444
1.52804 2452
1.52804 2453
1.52804 2455
1.52804 2458
1.52804 2460
1.52804 2462
1.52804 2463
1.52804 2466
1.52805 2469
1.52805 2479
1.52805 2481
1.52805 2482
1.52805 2492
1.52805 2497
1.52805 2504
1.52805 2511
1.52806 2514
1.52806 2515
1.52806 2525
1.52806 2527
1.52806 2528
1.52806 2534
1.52806 2543
1.52806 2544
1.52807 2546
1.52807 2560
1.52807 2561
1.52807 2779
1.52807 2780
1.52807 2782
1.52808 2786
1.52808 2787
1.52808 2788
1.52808 2791
1.52808 2792
1.52809 2793
1.52809 2794
1.52809 2796
1.52809 2797
1.52809 2798
1.52809 2799
1.52809 2800
1.52809 2801
1.5281 2802
1.5281 2805
1.5281 2806
1.5281 2807
1.5281 2808
1.5281 2809
1.5281 2810
1.52811 2811
1.52811 2814
1.52811 2817
1.52811 2818
1.52811 2819
1.52812 2820
1.52812 2821
1.52812 2822
1.52812 2823
1.53912 2361
1.53912 2412
1.53912 2413
1.53912 2416
1.53912 2421
1.53913 2426
1.53913 2434
1.53913 2441
1.53913 2443
1.53913 2452
1.53914 2453
1.53914 2457
1.53914 2458
1.53914 2460
1.53914 2462
1.53914 2463
1.53914 2466
1.53915 2479
1.53915 2481
1.53915 2482
1.53915 2492
1.53915 2497
1.53915 2504
1.53915 2511
1.53915 2514
1.53916 2515
1.53916 2518
1.53916 2525
1.53916 2527
1.53916 2528
1.53916 2534
1.53916 2543
1.53916 2544
1.53916 2546
1.53917 2560
1.53917 2561
1.53917 2563
1.53917 2565
1.53917 2568
1.53917 2596
1.53917 2602
1.53917 2603
1.53918 2611
1.53918 2613
1.53918 2824
1.53918 2826
1.53918 2828
1.53918 2829
1.53918 2830
1.53919 2831
1.53919 2832
1.53919 2833
1.53919 2834
1.53919 2836
1.53919 2837
1.53919 2838
1.5392 2839
1.5392 2840
1.5392 2841
1.5392 2842
1.5392 2843
1.5392 2844
1.5392 2845
1.5392 2846
1.5392 2847
1.53921 2848
1.53921 2849
1.53921 2850
1.53921 2851
1.53921 2852
1.53921 2853
1.53921 2854
1.53921 2855
1.53921 2856
1.53922 2857
1.53922 2858
1.53922 2859
1.53922 2860
1.53922 2861
1.53922 2863
1.53922 2864
1.53922 2865
1.53923 2868
1.53923 2869
1.53923 2870
1.55023 2426
1.55023 2441
1.55023 2444
1.55023 2452
1.55023 2453
1.55024 2460
1.55024 2463
1.55024 2466
1.55024 2480
1.55024 2492
1.55024 2497
1.55024 2504
1.55024 2511
1.55025 2514
1.55025 2515
1.55025 2518
1.55025 2525
1.55025 2527
1.55025 2528
1.55025 2534
1.55025 2543
1.55025 2544
1.55026 2546
1.55026 2560
1.55026 2561
1.55026 2563
1.55026 2565
1.55026 2568
1.55026 2596
1.55026 2602
1.55027 2603
1.55027 2611
1.55027 2627
1.55027 2631
1.55027 2633
1.55027 2638
1.55027 2640
1.55028 2650
1.55028 2654
1.55028 2659
1.55028 2663
1.55028 2665
1.55028 2670
1.55028 2671
1.55029 2676
1.55029 2687
1.55029 2873
1.55029 2874
1.55029 2875
1.5503 2877
1.5503 2878
1.5503 2879
1.5503 2880
1.5503 2882
1.55031 2884
1.55031 2885
1.55031 2886
1.55031 2887
1.55031 2889
1.55031 2890
1.55031 2892
1.55032 2893
1.55032 2894
1.55032 2895
1.55032 2896
1.55032 2897
1.55032 2898
1.55032 2899
1.55032 2900
1.55032 2901
1.55033 2902
1.55033 2903
1.55033 2904
1.55033 2905
1.55033 2907
1.55033 2908
1.55033 2909
1.55033 2910
1.55034 2912
1.55034 2913
1.55034 2915
1.55034 2916
1.56134 2518
1.56134 2563
1.56135 2588
1.56135 2596
1.56135 2602
1.56135 2603
1.56135 2613
1.56135 2631
1.56135 2633
1.56136 2638
1.56136 2640
1.56136 2649
1.56136 2650
1.56136 2654
1.56136 2659
1.56136 2663
1.56137 2665
1.56137 2666
1.56137 2670
1.56137 2671
1.56137 2676
1.56137 2680
1.56137 2689
1.56138 2695
1.56138 2702
1.56138 2707
1.56138 2709
1.56138 2713
1.56138 2723
1.56138 2729
1.56139 2736
1.56139 2740
1.56139 2741
1.56139 2742
1.56139 2744
1.56139 2917
1.56139 2918
1.56139 2919
1.5614 2921
1.5614 2922
1.5614 2923
1.5614 2924
1.5614 2925
1.5614 2926
1.5614 2927
1.5614 2928
1.56141 2929
1.56141 2930
1.56141 2931
1.56141 2936
1.56142 2937
1.56142 2938
1.56142 2939
1.56142 2940
1.56142 2942
1.56142 2943
1.56142 2944
1.56143 2946
1.56143 2947
1.56143 2948
1.56143 2949
1.56143 2952
1.56143 2953
1.56143 2954
1.56144 2956
1.56144 2957
1.56144 2958
1.56144 2959
1.56144 2960
1.56144 2962
1.56145 2964
1.56145 2965
1.56145 2966
1.56145 2967
1.56145 2968
1.56145 2969
1.56145 2970
1.57245 2480
1.57245 2588
1.57245 2627
1.57245 2631
1.57246 2633
1.57246 2638
1.57246 2640
1.57246 2645
1.57246 2649
1.57246 2650
1.57246 2659
1.57246 2663
1.57247 2665
1.57247 2666
1.57247 2670
1.57247 2671
1.57247 2676
1.57247 2680
1.57247 2687
1.57248 2695
1.57248 2702
1.57248 2703
1.57248 2707
1.57248 2720
1.57248 2723
1.57249 2729
1.57249 2733
1.57249 2736
1.57249 2740
1.57249 2741
1.57249 2742
1.57249 2753
1.57249 2763
1.5725 2766
1.5725 2773
1.5725 2774
1.5725 2776
1.5725 2777
1.5725 2781
1.5725 2783
1.5725 2784
1.5725 2785
1.57251 2789
1.57251 2795
1.57251 2971
1.57251 2972
1.57251 2973
1.57251 2975
1.57251 2976
1.57252 2977
1.57252 2978
1.57252 2979
1.57252 2980
1.57252 2983
1.57252 2984
1.57253 2985
1.57253 2987
1.57253 2988
1.57253 2989
1.57253 2990
1.57253 2991
1.57253 2993
1.57254 2994
1.57254 2995
1.57254 2996
1.57254 2997
1.57254 2998
1.57254 2999
1.57254 3000
1.57254 3001
1.57254 3002
1.57255 3003
1.57255 3004
1.57255 3005
1.57255 3006
1.57255 3007
1.57255 3009
1.57255 3010
1.57255 3011
1.57256 3013
1.57256 3014
1.57256 3015
1.57256 3016
1.57256 3017
1.57256 3018
1.57256 3019
1.58356 2588
1.58356 2645
1.58357 2666
1.58357 2691
1.58357 2703
1.58357 2707
1.58357 2709
1.58358 2720
1.58358 2723
1.58358 2729
1.58358 2733
1.58358 2736
1.58358 2741
1.58359 2753
1.58359 2773
1.58359 2774
1.58359 2776
1.58359 2777
1.5836 2781
1.5836 2783
1.5836 2784
1.5836 2785
1.5836 2789
1.5836 2790
1.5836 2795
1.5836 2803
1.5836 2804
1.58361 2812
1.58361 2813
1.58361 2815
1.58361 2816
1.58361 2825
1.58361 2827
1.58361 3020
1.58361 3021
1.58362 3022
1.58362 3023
1.58362 3025
1.58362 3026
1.58362 3027
1.58362 3028
1.58362 3029
1.58362 3030
1.58363 3032
1.58363 3033
1.58363 3034
1.58363 3035
1.58363 3036
1.58363 3037
1.58363 3038
1.58364 3039
1.58364 3041
1.58364 3042
1.58364 3044
1.58364 3045
1.58364 3046
1.58364 3047
1.58365 3048
1.58365 3049
1.58365 3051
1.58365 3052
1.58365 3053
1.58365 3054
1.58365 3055
1.58366 3057
1.58366 3059
1.58366 3060
1.58366 3062
1.58366 3063
1.58366 3064
1.58366 3065
1.58367 3066
1.58367 3067
1.58367 3068
1.58367 3070
1.58367 3071
1.58367 3072
1.58367 3074
1.59467 2645
1.59468 2703
1.59468 2720
1.59468 2733
1.59468 2753
1.59468 2763
1.59468 2766
1.59468 2773
1.59469 2781
1.59469 2783
1.59469 2784
1.59469 2785
1.59469 2790
1.59469 2795
1.5947 2803
1.5947 2804
1.5947 2812
1.5947 2813
1.5947 2815
1.5947 2825
1.5947 2827
1.5947 2835
1.59471 3076
1.59471 3077
1.59471 3080
1.59471 3083
1.59472 3084
1.59472 3085
1.59472 3086
1.59472 3087
1.59472 3088
1.59472 3089
1.59472 3091
1.59472 3092
1.59473 3093
1.59473 3094
1.59473 3095
1.59473 3096
1.59473 3099
1.59473 3100
1.59474 3102
1.59474 3105
1.59474 3106
1.59474 3107
1.59474 3108
1.59474 3109
1.59475 3110
1.59475 3111
1.59475 3113
1.59475 3114
1.59475 3116
1.59475 3117
1.59476 3119
1.59476 3120
1.59476 3123
1.59476 3124
1.59476 3125
1.59476 3126
1.59476 3127
1.59477 3128
1.59477 3130
1.59477 3132
1.59477 3133
1.59477 3134
1.59477 3135
1.59477 3136
1.59478 3137
1.59478 3139
1.59478 3140
1.59478 3141
1.59478 3142
1.59478 3143
1.59478 3144
1.59478 3145
1.59479 3146
1.60579 2790
1.60579 2803
1.60579 2804
1.60579 2815
1.60579 2816
1.6058 2862
1.6058 2867
1.6058 2871
1.6058 2872
1.6058 3147
1.6058 3148
1.60581 3149
1.60581 3150
1.60581 3151
1.60581 3152
1.60581 3153
1.60581 3155
1.60581 3156
1.60581 3157
1.60582 3158
1.60582 3159
1.60582 3161
1.60582 3162
1.60582 3163
1.60582 3164
1.60582 3165
1.60583 3167
1.60583 3169
1.60583 3170
1.60583 3171
1.60583 3172
1.60583 3173
1.60583 3174
1.60583 3175
1.60584 3176
1.60584 3177
1.60584 3178
1.60584 3180
1.60584 3181
1.60584 3182
1.60584 3183
1.60584 3184
1.60585 3185
1.60585 3187
1.60585 3188
1.60585 3189
1.60585 3190
1.60585 3191
1.60586 3193
1.60586 3194
1.60586 3195
1.60586 3196
1.60586 3197
1.60586 3198
1.60586 3199
1.60586 3200
1.60586 3201
1.60587 3202
1.60587 3204
1.60587 3206
1.60587 3207
1.60587 3209
1.60587 3210
1.60588 3211
1.60588 3212
1.60588 3213
1.60588 3214
1.60588 3215
1.60588 3216
1.60588 3217
1.60588 3218
1.60588 3219
1.60589 3220
1.60589 3221
1.60589 3222
1.60589 3223
1.60589 3224
1.60589 3226
1.60589 3227
1.6059 3230
1.6169 2835
1.6169 2866
1.6169 2867
1.6169 2871
1.6169 2872
1.6169 2876
1.6169 2881
1.6169 2883
1.61691 2888
1.61691 2891
1.61691 2914
1.61691 2920
1.61691 3231
1.61691 3232
1.61692 3233
1.61692 3234
1.61692 3235
1.61692 3237
1.61692 3238
1.61692 3239
1.61692 3240
1.61692 3241
1.61693 3242
1.61693 3243
1.61693 3244
1.61693 3245
1.61693 3246
1.61693 3249
1.61693 3250
1.61694 3251
1.61694 3253
1.61694 3254
1.61694 3255
1.61694 3256
1.61694 3257
1.61694 3259
1.61695 3261
1.61695 3262
1.61695 3263
1.61695 3264
1.61695 3265
1.61695 3268
1.61696 3269
1.61696 3270
1.61696 3271
1.61696 3272
1.61696 3273
1.61696 3274
1.61696 3275
1.61697 3278
1.61697 3281
1.61697 3282
1.61697 3283
1.61697 3284
1.61697 3285
1.61698 3286
1.61698 3287
1.61698 3289
1.61698 3290
1.61698 3291
1.61698 3292
1.61698 3293
1.61699 3295
1.61699 3296
1.61699 3298
1.61699 3300
1.61699 3301
1.61699 3302
1.617 3304
1.617 3305
1.617 3306
1.617 3308
1.617 3311
1.617 3312
1.61701 3314
1.62801 2866
1.62801 2867
1.62801 2872
1.62801 2876
1.62801 2881
1.62801 2883
1.62802 2888
1.62802 2891
1.62802 2911
1.62802 2914
1.62802 2932
1.62802 2933
1.62803 2934
1.62803 2935
1.62803 2941
1.62803 2945
1.62803 2950
1.62803 2951
1.62803 2963
1.62804 2981
1.62804 2986
1.62804 2992
1.62804 3316
1.62804 3317
1.62804 3319
1.62805 3320
1.62805 3321
1.62805 3322
1.62805 3323
1.62805 3325
1.62805 3326
1.62805 3327
1.62805 3328
1.62806 3329
1.62806 3330
1.62806 3331
1.62806 3334
1.62806 3335
1.62806 3336
1.62806 3337
1.62807 3340
1.62807 3342
1.62807 3343
1.62807 3344
1.62807 3345
1.62807 3346
1.62808 3347
1.62808 3348
1.62808 3352
1.62808 3353
1.62808 3354
1.62809 3355
1.62809 3356
1.62809 3357
1.62809 3358
1.62809 3359
1.62809 3360
1.62809 3361
1.62809 3362
1.62809 3363
1.6281 3364
1.6281 3365
1.6281 3366
1.6281 3367
1.6281 3368
1.6281 3369
1.6281 3370
1.62811 3373
1.62811 3374
1.62811 3376
1.62811 3377
1.62811 3378
1.62811 3379
1.62811 3381
1.62812 3382
1.62812 3383
1.62812 3384
1.62812 3385
1.63912 2881
1.63912 2883
1.63912 2888
1.63912 2906
1.63913 2911
1.63913 2914
1.63913 2920
1.63913 2932
1.63913 2933
1.63913 2934
1.63913 2935
1.63913 2941
1.63914 2950
1.63914 2951
1.63914 2955
1.63914 2961
1.63914 2963
1.63914 2981
1.63914 2982
1.63915 2986
1.63915 2992
1.63915 3008
1.63915 3012
1.63915 3031
1.63915 3040
1.63915 3043
1.63915 3050
1.63916 3056
1.63916 3061
1.63916 3069
1.63916 3073
1.63916 3386
1.63916 3388
1.63917 3389
1.63917 3392
1.63917 3393
1.63917 3394
1.63917 3395
1.63917 3396
1.63917 3397
1.63918 3398
1.63918 3399
1.63918 3400
1.63918 3401
1.63918 3402
1.63918 3403
1.63918 3405
1.63918 3406
1.63919 3407
1.63919 3410
1.63919 3411
1.63919 3412
1.63919 3413
1.63919 3414
1.6392 3415
1.6392 3417
1.6392 3418
1.6392 3419
1.6392 3420
1.6392 3423
1.63921 3424
1.63921 3425
1.63921 3426
1.63921 3428
1.63921 3429
1.63921 3430
1.63921 3431
1.63921 3432
1.63922 3433
1.63922 3434
1.63922 3435
1.63922 3436
1.63922 3437
1.63922 3438
1.63922 3439
1.63922 3440
1.63923 3442
1.63923 3443
1.63923 3444
1.63923 3445
1.63923 3446
1.65023 2906
1.65023 2911
1.65023 2932
1.65023 2933
1.65023 2935
1.65024 2941
1.65024 2945
1.65024 2950
1.65024 2951
1.65024 2955
1.65024 2961
1.65024 2963
1.65024 2974
1.65025 2981
1.65025 2982
1.65025 2986
1.65025 2992
1.65025 3008
1.65025 3012
1.65025 3024
1.65025 3040
1.65026 3043
1.65026 3050
1.65026 3056
1.65026 3058
1.65026 3069
1.65026 3075
1.65026 3078
1.65027 3079
1.65027 3081
1.65027 3090
1.65027 3097
1.65027 3101
1.65027 3103
1.65028 3112
1.65028 3115
1.65028 3118
1.65028 3129
1.65028 3131
1.65028 3138
1.65028 3154
1.65029 3166
1.65029 3447
1.65029 3448
1.65029 3449
1.65029 3450
1.65029 3451
1.65029 3453
1.6503 3454
1.6503 3455
1.6503 3456
1.6503 3457
1.6503 3458
1.6503 3459
1.6503 3460
1.6503 3461
1.65031 3463
1.65031 3465
1.65031 3467
1.65031 3468
1.65031 3469
1.65031 3470
1.65032 3471
1.65032 3472
1.65032 3473
1.65032 3474
1.65032 3476
1.65032 3478
1.65032 3479
1.65033 3480
1.65033 3481
1.65033 3482
1.65033 3484
1.65033 3485
1.65033 3488
1.65034 3489
1.65034 3490
1.65034 3491
1.65034 3492
1.65034 3494
1.66134 2906
1.66134 2955
1.66134 2961
1.66134 2974
1.66134 2982
1.66135 3008
1.66135 3012
1.66135 3050
1.66135 3056
1.66136 3061
1.66136 3069
1.66136 3073
1.66136 3075
1.66136 3078
1.66136 3079
1.66136 3081
1.66136 3082
1.66137 3097
1.66137 3098
1.66137 3101
1.66137 3103
1.66137 3104
1.66137 3112
1.66137 3115
1.66137 3118
1.66138 3121
1.66138 3122
1.66138 3129
1.66138 3131
1.66138 3138
1.66138 3154
1.66138 3160
1.66138 3166
1.66139 3179
1.66139 3192
1.66139 3203
1.66139 3205
1.66139 3208
1.66139 3228
1.66139 3229
1.6614 3236
1.6614 3247
1.6614 3248
1.6614 3252
1.6614 3496
1.6614 3498
1.6614 3499
1.66141 3500
1.66141 3502
1.66141 3504
1.66141 3507
1.66142 3509
1.66142 3511
1.66142 3512
1.66142 3514
1.66142 3516
1.66143 3517
1.66143 3518
1.66143 3519
1.66143 3520
1.66143 3521
1.66143 3522
1.66143 3523
1.66143 3525
1.66144 3526
1.66144 3527
1.66144 3528
1.66144 3529
1.66144 3530
1.66144 3532
1.66144 3534
1.66145 3536
1.66145 3537
1.66145 3538
1.66145 3539
1.66145 3540
1.66145 3541
1.67245 3058
1.67245 3075
1.67246 3078
1.67246 3079
1.67246 3082
1.67246 3097
1.67246 3098
1.67247 3104
1.67247 3112
1.67247 3115
1.67247 3118
1.67247 3121
1.67247 3122
1.67247 3131
1.67248 3154
1.67248 3160
1.67248 3168
1.67248 3179
1.67248 3186
1.67248 3192
1.67248 3203
1.67249 3205
1.67249 3208
1.67249 3225
1.67249 3228
1.67249 3236
1.67249 3247
1.67249 3248
1.67249 3252
1.6725 3258
1.6725 3260
1.6725 3266
1.6725 3267
1.6725 3276
1.6725 3277
1.6725 3288
1.67251 3294
1.67251 3297
1.67251 3299
1.67251 3307
1.67251 3309
1.67251 3310
1.67251 3313
1.67252 3324
1.67252 3332
1.67252 3542
1.67252 3544
1.67252 3545
1.67252 3546
1.67253 3547
1.67253 3548
1.67253 3549
1.67253 3550
1.67253 3551
1.67253 3552
1.67253 3553
1.67253 3554
1.67254 3556
1.67254 3557
1.67254 3558
1.67254 3559
1.67254 3560
1.67254 3561
1.67254 3562
1.67254 3563
1.67254 3564
1.67255 3565
1.67255 3568
1.67255 3569
1.67255 3570
1.67255 3572
1.67255 3573
1.67256 3574
1.67256 3575
1.67256 3576
1.67256 3577
1.67256 3579
1.67256 3580
1.67256 3581
1.68356 3082
1.68356 3098
1.68357 3122
1.68357 3160
1.68357 3168
1.68357 3179
1.68357 3192
1.68357 3203
1.68357 3205
1.68358 3225
1.68358 3228
1.68358 3229
1.68358 3247
1.68358 3252
1.68359 3260
1.68359 3266
1.68359 3267
1.68359 3279
1.68359 3280
1.68359 3288
1.6836 3294
1.6836 3297
1.6836 3303
1.6836 3307
1.6836 3309
1.6836 3313
1.68361 3324
1.68361 3333
1.68361 3339
1.68361 3341
1.68361 3349
1.68362 3351
1.68362 3371
1.68362 3372
1.68362 3375
1.68362 3387
1.68362 3390
1.68362 3391
1.68362 3582
1.68363 3583
1.68363 3584
1.68363 3585
1.68363 3587
1.68363 3589
1.68363 3590
1.68364 3591
1.68364 3592
1.68364 3593
1.68364 3596
1.68364 3597
1.68364 3598
1.68364 3599
1.68365 3600
1.68365 3601
1.68365 3602
1.68365 3603
1.68365 3604
1.68365 3605
1.68365 3606
1.68365 3607
1.68365 3608
1.68366 3609
1.68366 3610
1.68366 3611
1.68366 3612
1.68366 3613
1.68366 3614
1.68366 3615
1.68366 3616
1.68366 3617
1.68367 3618
1.68367 3620
1.68367 3624
1.68367 3625
1.68367 3626
1.69467 3186
1.69468 3266
1.69468 3267
1.69468 3276
1.69468 3277
1.69468 3280
1.69469 3288
1.69469 3294
1.69469 3297
1.69469 3299
1.69469 3303
1.69469 3307
1.69469 3309
1.69469 3310
1.6947 3313
1.6947 3315
1.6947 3318
1.6947 3324
1.6947 3332
1.6947 3333
1.6947 3339
1.69471 3349
1.69471 3350
1.69471 3371
1.69471 3375
1.69471 3380
1.69471 3390
1.69472 3404
1.69472 3408
1.69472 3409
1.69472 3416
1.69472 3421
1.69472 3422
1.69472 3427
1.69472 3441
1.69473 3452
1.69473 3627
1.69473 3630
1.69473 3632
1.69473 3633
1.69473 3634
1.69474 3635
1.69474 3636
1.69474 3639
1.69474 3640
1.69474 3641
1.69474 3642
1.69475 3643
1.69475 3644
1.69475 3646
1.69475 3647
1.69475 3648
1.69475 3651
1.69476 3652
1.69476 3653
1.69476 3654
1.69476 3656
1.69476 3658
1.69476 3659
1.69476 3660
1.69477 3661
1.69477 3664
1.69477 3665
1.69477 3666
1.69477 3668
1.69478 3670
1.69478 3672
1.69478 3673
1.69478 3674
1.69478 3675
1.69478 3676
1.69478 3677
1.69478 3678
1.69479 3679
1.70578 3279
1.70579 3303
1.70579 3315
1.70579 3318
1.70579 3333
1.70579 3338
1.70579 3339
1.70579 3341
1.70579 3349
1.7058 3350
1.7058 3351
1.7058 3372
1.7058 3387
1.7058 3390
1.70581 3404
1.70581 3408
1.70581 3409
1.70581 3416
1.70581 3421
1.70581 3422
1.70581 3427
1.70581 3441
1.70582 3452
1.70582 3462
1.70582 3464
1.70582 3466
1.70582 3475
1.70582 3477
1.70582 3486
1.70582 3487
1.70583 3493
1.70583 3495
1.70583 3497
1.70583 3501
1.70583 3503
1.70583 3506
1.70583 3508
1.70583 3510
1.70584 3513
1.70584 3515
1.70584 3680
1.70584 3682
1.70584 3683
1.70584 3684
1.70584 3685
1.70585 3687
1.70585 3689
1.70585 3690
1.70585 3691
1.70585 3693
1.70585 3694
1.70586 3695
1.70586 3696
1.70586 3697
1.70586 3698
1.70586 3699
1.70586 3700
1.70586 3702
1.70586 3703
1.70587 3705
1.70587 3706
1.70587 3707
1.70587 3708
1.70587 3709
1.70587 3710
1.70587 3712
1.70588 3715
1.70588 3717
1.70588 3718
1.70588 3719
1.70588 3720
1.70588 3721
1.70589 3722
1.70589 3723
1.70589 3724
1.70589 3725
1.70589 3726
1.70589 3728
1.70589 3729
1.7169 3315
1.7169 3318
1.7169 3338
1.7169 3350
1.7169 3380
1.7169 3408
1.7169 3416
1.71691 3421
1.71691 3422
1.71691 3427
1.71691 3441
1.71691 3452
1.71691 3462
1.71691 3464
1.71692 3475
1.71692 3477
1.71692 3483
1.71692 3487
1.71692 3493
1.71692 3495
1.71692 3497
1.71692 3501
1.71693 3503
1.71693 3505
1.71693 3506
1.71693 3508
1.71693 3510
1.71693 3513
1.71693 3515
1.71693 3524
1.71693 3531
1.71694 3533
1.71694 3535
1.71694 3555
1.71694 3566
1.71694 3567
1.71694 3733
1.71694 3734
1.71695 3736
1.71695 3737
1.71695 3739
1.71695 3741
1.71695 3742
1.71695 3743
1.71695 3744
1.71696 3746
1.71696 3747
1.71696 3750
1.71696 3751
1.71696 3752
1.71697 3754
1.71697 3755
1.71697 3756
1.71697 3758
1.71697 3759
1.71697 3760
1.71697 3761
1.71698 3762
1.71698 3763
1.71698 3764
1.71698 3766
1.71698 3768
1.71698 3769
1.71699 3771
1.71699 3772
1.71699 3773
1.71699 3775
1.71699 3776
1.71699 3777
1.71699 3779
1.717 3780
1.717 3781
1.717 3782
1.717 3784
1.717 3785
1.717 3786
1.717 3787
1.717 3788
1.71701 3790
1.71701 3791
1.72801 3462
1.72801 3464
1.72801 3466
1.72801 3475
1.72801 3477
1.72801 3486
1.72802 3487
1.72802 3493
1.72802 3501
1.72802 3506
1.72803 3508
1.72803 3510
1.72803 3513
1.72803 3515
1.72803 3524
1.72803 3531
1.72803 3533
1.72803 3535
1.72804 3555
1.72804 3566
1.72804 3793
1.72804 3794
1.72804 3795
1.72805 3798
1.72805 3801
1.72805 3802
1.72805 3803
1.72805 3804
1.72805 3805
1.72805 3806
1.72806 3807
1.72806 3809
1.72806 3810
1.72806 3811
1.72806 3812
1.72806 3813
1.72806 3814
1.72806 3815
1.72807 3816
1.72807 3817
1.72807 3818
1.72807 3819
1.72807 3821
1.72807 3822
1.72807 3823
1.72807 3824
1.72808 3825
1.72808 3826
1.72808 3829
1.72809 3833
1.72809 3834
1.72809 3835
1.72809 3836
1.72809 3837
1.72809 3838
1.72809 3840
1.72809 3841
1.7281 3842
1.7281 3843
1.7281 3844
1.7281 3846
1.7281 3847
1.7281 3848
1.7281 3849
1.7281 3850
1.72811 3851
1.72811 3853
1.72811 3858
1.72812 3861
1.72812 3862
1.72812 3863
1.73912 3505
1.73912 3531
1.73912 3533
1.73912 3535
1.73913 3555
1.73913 3566
1.73913 3571
1.73913 3578
1.73913 3586
1.73913 3594
1.73914 3864
1.73914 3865
1.73914 3866
1.73914 3869
1.73914 3870
1.73914 3871
1.73915 3872
1.73915 3873
1.73915 3875
1.73915 3876
1.73915 3878
1.73915 3880
1.73916 3881
1.73916 3882
1.73916 3883
1.73916 3885
1.73916 3887
1.73916 3888
1.73917 3890
1.73917 3891
1.73917 3892
1.73917 3894
1.73917 3895
1.73917 3896
1.73917 3897
1.73917 3898
1.73918 3899
1.73918 3900
1.73918 3901
1.73918 3904
1.73918 3905
1.73918 3906
1.73919 3908
1.73919 3909
1.73919 3914
1.73919 3915
1.7392 3916
1.7392 3919
1.7392 3920
1.7392 3921
1.7392 3922
1.7392 3924
1.73921 3925
1.73921 3926
1.73921 3928
1.73921 3931
1.73921 3933
1.73922 3934
1.73922 3935
1.73922 3937
1.73922 3938
1.73922 3939
1.73922 3941
1.73923 3943
1.73923 3944
1.73923 3945
1.73923 3946
1.73923 3947
1.75023 3543
1.75023 3571
1.75023 3578
1.75023 3586
1.75023 3588
1.75023 3594
1.75024 3619
1.75024 3621
1.75024 3622
1.75024 3623
1.75024 3628
1.75024 3629
1.75024 3631
1.75025 3638
1.75025 3645
1.75025 3649
1.75025 3650
1.75025 3948
1.75025 3949
1.75025 3950
1.75026 3952
1.75026 3955
1.75026 3956
1.75026 3957
1.75026 3958
1.75027 3961
1.75027 3962
1.75027 3963
1.75027 3964
1.75027 3966
1.75027 3967
1.75028 3969
1.75028 3970
1.75028 3972
1.75028 3973
1.75028 3975
1.75028 3976
1.75028 3977
1.75029 3978
1.75029 3979
1.75029 3980
1.75029 3981
1.75029 3982
1.75029 3983
1.75029 3985
1.75029 3986
1.7503 3987
1.7503 3988
1.7503 3991
1.7503 3992
1.7503 3993
1.7503 3994
1.75031 3995
1.75031 3997
1.75031 3998
1.75031 3999
1.75031 4000
1.75031 4001
1.75031 4002
1.75031 4003
1.75032 4004
1.75032 4005
1.75032 4006
1.75032 4007
1.75032 4008
1.75032 4009
1.75032 4010
1.75032 4012
1.75033 4014
1.75033 4016
1.75033 4017
1.75033 4018
1.75033 4019
1.75033 4020
1.75034 4022
1.75034 4023
1.75034 4025
1.75034 4026
1.75034 4027
1.76134 3543
1.76134 3571
1.76134 3588
1.76135 3594
1.76135 3595
1.76135 3619
1.76135 3621
1.76135 3622
1.76135 3623
1.76135 3628
1.76135 3629
1.76135 3631
1.76136 3637
1.76136 3638
1.76136 3649
1.76136 3650
1.76136 3655
1.76136 3657
1.76137 3663
1.76137 3667
1.76137 3669
1.76137 3671
1.76137 3681
1.76137 3686
1.76137 3688
1.76137 3701
1.76138 3704
1.76138 3711
1.76138 3713
1.76138 4028
1.76138 4029
1.76138 4030
1.76138 4031
1.76139 4033
1.76139 4034
1.76139 4037
1.76139 4039
1.76139 4040
1.7614 4041
1.7614 4042
1.7614 4043
1.7614 4046
1.7614 4047
1.7614 4048
1.7614 4049
1.76141 4051
1.76141 4053
1.76141 4054
1.76141 4056
1.76141 4057
1.76142 4058
1.76142 4059
1.76142 4060
1.76142 4061
1.76142 4063
1.76142 4064
1.76142 4065
1.76142 4066
1.76143 4067
1.76143 4068
1.76143 4069
1.76143 4070
1.76143 4071
1.76143 4072
1.76143 4073
1.76143 4074
1.76143 4075
1.76144 4076
1.76144 4077
1.76144 4078
1.76144 4081
1.76144 4083
1.76144 4084
1.76145 4085
1.76145 4086
1.76145 4087
1.76145 4088
1.76145 4089
1.76145 4091
1.77245 3543
1.77245 3595
1.77246 3621
1.77246 3622
1.77246 3628
1.77246 3631
1.77246 3638
1.77247 3649
1.77247 3650
1.77247 3655
1.77247 3662
1.77247 3663
1.77247 3667
1.77248 3671
1.77248 3681
1.77248 3686
1.77248 3688
1.77248 3701
1.77248 3704
1.77248 3711
1.77248 3713
1.77249 3714
1.77249 3716
1.77249 3730
1.77249 3731
1.77249 3732
1.77249 3738
1.77249 3740
1.7725 3745
1.7725 3748
1.7725 3749
1.7725 3757
1.7725 3765
1.7725 3770
1.77251 3778
1.77251 3783
1.77251 3789
1.77251 3792
1.77251 3797
1.77251 3799
1.77251 4092
1.77252 4093
1.77252 4095
1.77252 4096
1.77252 4097
1.77252 4098
1.77252 4099
1.77252 4100
1.77253 4101
1.77253 4102
1.77253 4103
1.77253 4105
1.77253 4107
1.77253 4108
1.77253 4109
1.77254 4110
1.77254 4111
1.77254 4113
1.77254 4114
1.77254 4115
1.77254 4116
1.77254 4117
1.77254 4118
1.77255 4119
1.77255 4122
1.77255 4123
1.77255 4124
1.77255 4125
1.77255 4126
1.77255 4127
1.77256 4129
1.77256 4130
1.77256 4131
1.77256 4132
1.77256 4133
1.77256 4134
1.77256 4135
1.78356 3595
1.78356 3655
1.78357 3662
1.78357 3663
1.78357 3667
1.78357 3669
1.78357 3671
1.78357 3681
1.78357 3686
1.78357 3688
1.78358 3701
1.78358 3711
1.78358 3714
1.78358 3716
1.78358 3727
1.78359 3730
1.78359 3731
1.78359 3732
1.78359 3735
1.78359 3740
1.78359 3745
1.78359 3749
1.7836 3753
1.7836 3757
1.7836 3765
1.7836 3770
1.7836 3778
1.7836 3783
1.78361 3792
1.78361 3797
1.78361 3800
1.78361 3808
1.78361 3828
1.78362 3830
1.78362 3831
1.78362 3832
1.78362 3839
1.78362 3854
1.78362 3855
1.78362 3856
1.78363 3857
1.78363 3877
1.78364 3886
1.78364 3889
1.78364 4136
1.78364 4137
1.78364 4138
1.78364 4139
1.78364 4140
1.78364 4141
1.78365 4143
1.78365 4145
1.78365 4146
1.78365 4147
1.78365 4149
1.78365 4150
1.78366 4151
1.78366 4153
1.78366 4154
1.78366 4156
1.78366 4157
1.78366 4158
1.78366 4159
1.78367 4160
1.78367 4161
1.78367 4162
1.78367 4163
1.78367 4166
1.78367 4167
1.79467 3662
1.79468 3716
1.79468 3730
1.79468 3732
1.79468 3735
1.79468 3738
1.79468 3740
1.79469 3745
1.79469 3748
1.79469 3749
1.79469 3753
1.79469 3757
1.79469 3765
1.79469 3770
1.7947 3774
1.7947 3778
1.7947 3783
1.7947 3789
1.7947 3799
1.7947 3800
1.79471 3808
1.79471 3820
1.79471 3827
1.79471 3828
1.79471 3831
1.79471 3832
1.79471 3839
1.79471 3845
1.79472 3855
1.79472 3856
1.79472 3857
1.79472 3859
1.79472 3860
1.79472 3867
1.79472 3868
1.79473 3874
1.79473 3877
1.79473 3879
1.79473 3884
1.79473 3886
1.79473 3889
1.79473 3902
1.79473 3903
1.79474 3911
1.79474 3912
1.79474 3913
1.79474 3923
1.79475 3927
1.79475 3930
1.79475 3932
1.79475 3936
1.79475 3940
1.79475 3942
1.79475 3951
1.79475 3953
1.79476 3959
1.79476 3960
1.79476 3965
1.79476 3968
1.79476 3971
1.79476 4169
1.79476 4171
1.79477 4172
1.79477 4173
1.79477 4174
1.79477 4175
1.79477 4176
1.79477 4178
1.79477 4179
1.79477 4180
1.79478 4183
1.79478 4185
1.79478 4186
1.79478 4187
1.79478 4188
1.79478 4189
1.79479 4190
1.80578 3692
1.80579 3727
1.80579 3735
1.80579 3753
1.80579 3767
1.80579 3774
1.80579 3808
1.80579 3820
1.8058 3827
1.8058 3828
1.8058 3830
1.8058 3831
1.8058 3832
1.8058 3839
1.8058 3845
1.8058 3852
1.80581 3854
1.80581 3855
1.80581 3856
1.80581 3857
1.80581 3859
1.80581 3860
1.80581 3867
1.80581 3868
1.80581 3874
1.80582 3877
1.80582 3879
1.80582 3886
1.80582 3889
1.80582 3893
1.80582 3903
1.80582 3907
1.80583 3910
1.80583 3911
1.80583 3912
1.80583 3913
1.80583 3917
1.80583 3918
1.80583 3927
1.80584 3930
1.80584 3936
1.80584 3940
1.80584 3942
1.80584 3953
1.80584 3954
1.80584 3959
1.80585 3960
1.80585 3965
1.80585 3968
1.80585 3971
1.80585 3974
1.80585 3984
1.80585 3989
1.80585 3990
1.80586 4011
1.80586 4013
1.80586 4015
1.80586 4021
1.80586 4024
1.80586 4032
1.80586 4035
1.80586 4036
1.80587 4044
1.80587 4191
1.80587 4192
1.80587 4193
1.80587 4194
1.80587 4197
1.80588 4198
1.80588 4199
1.80588 4201
1.80588 4202
1.80588 4203
1.80588 4204
1.80588 4205
1.80589 4207
1.80589 4208
1.80589 4210
1.80589 4211
1.80589 4212
1.80589 4213
1.80589 4214
1.8059 4216
1.8059 4217
1.8169 3767
1.8169 3774
1.8169 3796
1.8169 3820
1.8169 3845
1.8169 3852
1.81691 3860
1.81691 3867
1.81691 3868
1.81691 3884
1.81691 3893
1.81691 3902
1.81692 3903
1.81692 3911
1.81692 3912
1.81692 3913
1.81692 3917
1.81692 3918
1.81692 3923
1.81693 3929
1.81693 3932
1.81693 3936
1.81693 3940
1.81693 3942
1.81693 3951
1.81694 3954
1.81694 3959
1.81694 3960
1.81694 3968
1.81694 3974
1.81694 3989
1.81695 3990
1.81695 3996
1.81695 4015
1.81695 4021
1.81695 4024
1.81695 4032
1.81695 4035
1.81696 4036
1.81696 4038
1.81696 4044
1.81696 4045
1.81696 4050
1.81696 4052
1.81696 4055
1.81696 4062
1.81697 4079
1.81697 4080
1.81697 4082
1.81697 4090
1.81697 4094
1.81697 4104
1.81697 4218
1.81697 4220
1.81698 4221
1.81698 4222
1.81698 4224
1.81698 4225
1.81698 4226
1.81698 4228
1.81698 4229
1.81699 4230
1.81699 4232
1.81699 4233
1.81699 4234
1.81699 4235
1.81699 4236
1.81699 4237
1.81699 4238
1.817 4239
1.817 4240
1.817 4241
1.817 4242
1.817 4243
1.817 4244
1.817 4245
1.817 4246
1.817 4247
1.81701 4248
1.81701 4249
1.82801 3767
1.82801 3796
1.82801 3852
1.82801 3907
1.82801 3910
1.82801 3917
1.82802 3918
1.82802 3929
1.82802 3974
1.82802 3989
1.82802 3990
1.82802 3996
1.82803 4011
1.82803 4013
1.82803 4015
1.82803 4021
1.82803 4032
1.82803 4035
1.82803 4038
1.82804 4045
1.82804 4050
1.82804 4055
1.82804 4062
1.82804 4079
1.82804 4080
1.82804 4082
1.82805 4090
1.82805 4094
1.82805 4104
1.82805 4251
1.82805 4252
1.82805 4253
1.82805 4254
1.82805 4255
1.82805 4256
1.82806 4257
1.82806 4259
1.82806 4260
1.82806 4261
1.82806 4262
1.82806 4263
1.82806 4264
1.82806 4265
1.82807 4267
1.82807 4268
1.82807 4269
1.82807 4270
1.82807 4271
1.82807 4273
1.82807 4274
1.82808 4276
1.82808 4277
1.82808 4279
1.82808 4280
1.82808 4282
1.82809 4284
1.82809 4285
1.82809 4286
1.82809 4287
1.82809 4288
1.82809 4289
1.82809 4290
1.82809 4291
1.8281 4292
1.8281 4293
1.8281 4294
1.8281 4295
1.8281 4297
1.8281 4298
1.8281 4299
1.8281 4300
1.82811 4301
1.82811 4302
1.82811 4303
1.82811 4304
1.82811 4305
1.82811 4306
1.82811 4307
1.82811 4308
1.82811 4309
1.82812 4310
1.82812 4311
1.82812 4312
1.83912 3996
1.83912 4038
1.83912 4045
1.83912 4050
1.83913 4062
1.83913 4080
1.83913 4082
1.83913 4090
1.83913 4094
1.83913 4104
1.83914 4314
1.83914 4315
1.83914 4317
1.83914 4318
1.83914 4319
1.83914 4320
1.83914 4321
1.83914 4322
1.83915 4324
1.83915 4325
1.83915 4326
1.83915 4327
1.83915 4328
1.83915 4329
1.83915 4330
1.83915 4331
1.83916 4335
1.83916 4336
1.83916 4338
1.83916 4339
1.83916 4340
1.83917 4341
1.83917 4342
1.83917 4343
1.83917 4344
1.83917 4345
1.83917 4346
1.83917 4347
1.83917 4348
1.83917 4349
1.83918 4350
1.83918 4351
1.83918 4353
1.83918 4354
1.83918 4355
1.83918 4357
1.83918 4358
1.83919 4359
1.83919 4360
1.83919 4363
1.83919 4364
1.83919 4365
1.83919 4366
1.8392 4367
1.8392 4368
1.8392 4369
1.8392 4370
1.8392 4371
1.8392 4372
1.8392 4374
1.8392 4375
1.83921 4376
1.83921 4378
1.83921 4379
1.83921 4380
1.83921 4381
1.83921 4382
1.83921 4383
1.83921 4384
1.83922 4385
1.83922 4386
1.83922 4387
1.83922 4388
1.83922 4389
1.83922 4390
1.83922 4391
1.83922 4392
1.83922 4393
1.83923 4394
1.83923 4395
1.83923 4396
1.83923 4398
1.85023 4106
1.85023 4112
1.85023 4120
1.85023 4121
1.85023 4128
1.85024 4400
1.85024 4402
1.85024 4404
1.85024 4406
1.85024 4407
1.85025 4409
1.85025 4410
1.85025 4411
1.85025 4414
1.85025 4415
1.85026 4417
1.85026 4418
1.85026 4419
1.85026 4421
1.85026 4422
1.85026 4423
1.85026 4425
1.85027 4426
1.85027 4427
1.85027 4428
1.85027 4429
1.85027 4430
1.85027 4431
1.85027 4432
1.85028 4435
1.85028 4436
1.85028 4438
1.85028 4440
1.85028 4442
1.85029 4444
1.85029 4445
1.85029 4447
1.85029 4448
1.85029 4449
1.85029 4451
1.85029 4452
1.8503 4453
1.8503 4454
1.8503 4455
1.8503 4456
1.8503 4457
1.8503 4458
1.8503 4459
1.8503 4460
1.85031 4461
1.85031 4463
1.85031 4464
1.85031 4465
1.85031 4466
1.85031 4468
1.85031 4469
1.85032 4471
1.85032 4472
1.85032 4474
1.85032 4476
1.85032 4478
1.85033 4479
1.85033 4480
1.85033 4482
1.85033 4484
1.85033 4485
1.85033 4486
1.85033 4487
1.85034 4488
1.85034 4489
1.85034 4490
1.85034 4491
1.85034 4492
1.85034 4493
1.86134 4106
1.86134 4112
1.86134 4120
1.86134 4121
1.86134 4128
1.86135 4142
1.86135 4144
1.86135 4148
1.86135 4152
1.86135 4155
1.86135 4165
1.86135 4168
1.86135 4170
1.86136 4181
1.86136 4182
1.86136 4184
1.86136 4494
1.86136 4496
1.86136 4497
1.86137 4498
1.86137 4499
1.86137 4500
1.86137 4501
1.86137 4502
1.86137 4503
1.86137 4504
1.86137 4505
1.86138 4507
1.86138 4508
1.86138 4509
1.86138 4510
1.86138 4512
1.86138 4513
1.86138 4514
1.86138 4515
1.86139 4517
1.86139 4519
1.86139 4521
1.86139 4522
1.86139 4524
1.8614 4525
1.8614 4526
1.8614 4527
1.8614 4528
1.8614 4529
1.8614 4531
1.8614 4532
1.8614 4533
1.86141 4534
1.86141 4535
1.86141 4537
1.86141 4538
1.86141 4539
1.86141 4540
1.86141 4541
1.86142 4545
1.86142 4546
1.86142 4548
1.86142 4550
1.86143 4551
1.86143 4552
1.86143 4553
1.86143 4554
1.86143 4555
1.86143 4557
1.86143 4558
1.86143 4559
1.86144 4560
1.86144 4561
1.86144 4562
1.86144 4563
1.86144 4565
1.86144 4568
1.86145 4569
1.86145 4570
1.86145 4572
1.86145 4573
1.86145 4574
1.87245 4106
1.87245 4112
1.87245 4120
1.87245 4121
1.87246 4128
1.87246 4142
1.87246 4144
1.87246 4148
1.87246 4152
1.87246 4164
1.87246 4168
1.87247 4170
1.87247 4177
1.87247 4181
1.87247 4182
1.87247 4184
1.87247 4195
1.87247 4196
1.87247 4200
1.87248 4206
1.87248 4215
1.87248 4219
1.87248 4223
1.87248 4227
1.87248 4231
1.87248 4576
1.87249 4577
1.87249 4578
1.87249 4579
1.87249 4580
1.87249 4581
1.87249 4582
1.87249 4583
1.87249 4584
1.87249 4585
1.8725 4586
1.8725 4587
1.8725 4588
1.8725 4589
1.8725 4590
1.8725 4591
1.8725 4594
1.87251 4595
1.87251 4597
1.87251 4598
1.87251 4599
1.87251 4601
1.87251 4602
1.87251 4603
1.87252 4605
1.87252 4606
1.87252 4607
1.87252 4608
1.87252 4610
1.87253 4613
1.87253 4617
1.87253 4618
1.87253 4619
1.87253 4620
1.87254 4621
1.87254 4622
1.87254 4623
1.87254 4624
1.87254 4625
1.87254 4626
1.87254 4627
1.87254 4628
1.87254 4629
1.87255 4630
1.87255 4632
1.87255 4633
1.87255 4634
1.87255 4635
1.87255 4637
1.87256 4639
1.87256 4640
1.87256 4642
1.87256 4643
1.87256 4644
1.87256 4645
1.87256 4646
1.88356 4144
1.88356 4148
1.88357 4164
1.88357 4168
1.88357 4170
1.88357 4177
1.88357 4181
1.88358 4184
1.88358 4195
1.88358 4200
1.88358 4206
1.88358 4209
1.88358 4215
1.88358 4219
1.88359 4223
1.88359 4231
1.88359 4250
1.88359 4258
1.88359 4266
1.88359 4272
1.88359 4275
1.8836 4281
1.8836 4283
1.8836 4296
1.8836 4313
1.8836 4316
1.8836 4323
1.8836 4332
1.8836 4334
1.88361 4647
1.88361 4648
1.88361 4649
1.88361 4650
1.88361 4652
1.88361 4653
1.88362 4656
1.88362 4657
1.88362 4658
1.88362 4660
1.88362 4661
1.88362 4662
1.88363 4664
1.88363 4665
1.88363 4666
1.88363 4667
1.88363 4670
1.88363 4671
1.88364 4672
1.88364 4673
1.88364 4674
1.88364 4675
1.88364 4676
1.88364 4677
1.88364 4678
1.88364 4679
1.88365 4681
1.88365 4682
1.88365 4683
1.88365 4684
1.88365 4685
1.88365 4686
1.88365 4687
1.88365 4688
1.88366 4692
1.88366 4693
1.88366 4695
1.88366 4696
1.88366 4697
1.88366 4698
1.88367 4699
1.88367 4701
1.88367 4702
1.88367 4703
1.88367 4705
1.88367 4707
1.89467 4164
1.89467 4177
1.89468 4195
1.89468 4196
1.89468 4209
1.89468 4223
1.89468 4227
1.89469 4250
1.89469 4266
1.89469 4278
1.89469 4281
1.8947 4283
1.8947 4296
1.8947 4316
1.8947 4323
1.8947 4332
1.8947 4334
1.8947 4337
1.89471 4356
1.89471 4362
1.89471 4397
1.89471 4399
1.89471 4401
1.89472 4408
1.89472 4416
1.89472 4420
1.89473 4434
1.89473 4437
1.89473 4439
1.89473 4708
1.89473 4709
1.89473 4711
1.89473 4712
1.89474 4713
1.89474 4714
1.89474 4715
1.89474 4717
1.89474 4718
1.89474 4719
1.89474 4720
1.89475 4721
1.89475 4722
1.89475 4723
1.89475 4724
1.89475 4725
1.89475 4726
1.89475 4727
1.89475 4728
1.89475 4729
1.89476 4732
1.89476 4733
1.89476 4734
1.89476 4735
1.89476 4737
1.89476 4738
1.89477 4740
1.89477 4741
1.89477 4742
1.89477 4743
1.89477 4744
1.89477 4745
1.89477 4746
1.89477 4747
1.89478 4750
1.89478 4751
1.89478 4752
1.89478 4753
1.89478 4754
1.89478 4756
1.89479 4757
1.90579 4250
1.90579 4258
1.90579 4266
1.90579 4272
1.90579 4275
1.90579 4278
1.90579 4281
1.90579 4283
1.90579 4296
1.9058 4316
1.9058 4333
1.9058 4334
1.9058 4337
1.90581 4356
1.90581 4361
1.90581 4373
1.90581 4377
1.90581 4399
1.90581 4401
1.90581 4403
1.90582 4405
1.90582 4408
1.90582 4416
1.90582 4420
1.90582 4433
1.90582 4434
1.90583 4437
1.90583 4439
1.90583 4443
1.90583 4446
1.90583 4450
1.90583 4462
1.90583 4467
1.90584 4473
1.90584 4475
1.90584 4481
1.90584 4495
1.90584 4506
1.90584 4511
1.90585 4518
1.90585 4520
1.90585 4523
1.90585 4758
1.90585 4759
1.90585 4761
1.90585 4762
1.90586 4763
1.90586 4764
1.90586 4765
1.90586 4767
1.90586 4768
1.90586 4769
1.90586 4770
1.90586 4771
1.90587 4772
1.90587 4773
1.90587 4774
1.90587 4775
1.90587 4777
1.90587 4778
1.90588 4781
1.90588 4782
1.90588 4786
1.90588 4788
1.90588 4789
1.90589 4792
1.90589 4793
1.90589 4794
1.90589 4796
1.90589 4797
1.90589 4798
1.9059 4799
1.9059 4800
1.9169 4278
1.9169 4333
1.9169 4337
1.9169 4352
1.9169 4356
1.9169 4361
1.91691 4397
1.91691 4399
1.91691 4401
1.91691 4403
1.91691 4405
1.91691 4408
1.91691 4412
1.91692 4416
1.91692 4424
1.91692 4433
1.91692 4434
1.91692 4437
1.91692 4439
1.91692 4441
1.91692 4443
1.91693 4462
1.91693 4467
1.91693 4470
1.91693 4473
1.91693 4475
1.91693 4477
1.91693 4481
1.91694 4495
1.91694 4511
1.91694 4518
1.91694 4520
1.91694 4523
1.91694 4530
1.91695 4536
1.91695 4543
1.91695 4544
1.91695 4549
1.91695 4556
1.91695 4564
1.91695 4566
1.91696 4567
1.91696 4575
1.91696 4593
1.91696 4596
1.91697 4802
1.91697 4804
1.91697 4805
1.91697 4806
1.91697 4807
1.91697 4808
1.91697 4809
1.91697 4810
1.91698 4811
1.91698 4812
1.91698 4814
1.91698 4816
1.91698 4817
1.91698 4818
1.91698 4819
1.91699 4821
1.91699 4822
1.91699 4823
1.91699 4824
1.91699 4825
1.91699 4826
1.91699 4827
1.91699 4828
1.917 4829
1.917 4830
1.917 4832
1.917 4834
1.917 4835
1.917 4837
1.91701 4840
1.92801 4333
1.92801 4352
1.92801 4361
1.92801 4373
1.92801 4377
1.92801 4403
1.92801 4405
1.92802 4441
1.92802 4443
1.92802 4450
1.92803 4467
1.92803 4470
1.92803 4473
1.92803 4475
1.92803 4477
1.92803 4481
1.92803 4483
1.92803 4495
1.92803 4506
1.92804 4511
1.92804 4516
1.92804 4518
1.92804 4520
1.92804 4523
1.92804 4530
1.92804 4542
1.92804 4543
1.92805 4547
1.92805 4549
1.92805 4564
1.92805 4566
1.92805 4567
1.92805 4571
1.92805 4575
1.92806 4593
1.92806 4596
1.92806 4600
1.92806 4604
1.92806 4609
1.92806 4611
1.92806 4612
1.92806 4614
1.92807 4615
1.92807 4616
1.92807 4631
1.92807 4636
1.92807 4641
1.92807 4651
1.92807 4654
1.92807 4655
1.92808 4659
1.92808 4663
1.92808 4668
1.92808 4669
1.92808 4841
1.92808 4843
1.92808 4844
1.92809 4846
1.92809 4847
1.92809 4848
1.92809 4851
1.92809 4852
1.92809 4853
1.9281 4854
1.9281 4855
1.9281 4858
1.9281 4859
1.9281 4861
1.9281 4862
1.92811 4863
1.92811 4864
1.92811 4865
1.92811 4866
1.92811 4867
1.92811 4869
1.92811 4870
1.92811 4871
1.92812 4872
1.92812 4873
1.92812 4874
1.92812 4875
1.93912 4412
1.93912 4424
1.93912 4441
1.93912 4470
1.93912 4477
1.93913 4483
1.93913 4516
1.93913 4530
1.93913 4536
1.93913 4542
1.93913 4543
1.93913 4544
1.93914 4549
1.93914 4564
1.93914 4566
1.93914 4567
1.93914 4571
1.93914 4575
1.93914 4593
1.93915 4596
1.93915 4600
1.93915 4604
1.93915 4609
1.93915 4611
1.93915 4612
1.93915 4615
1.93916 4631
1.93916 4636
1.93916 4638
1.93916 4654
1.93916 4655
1.93916 4663
1.93917 4668
1.93917 4669
1.93917 4876
1.93917 4878
1.93917 4879
1.93917 4880
1.93917 4881
1.93917 4882
1.93918 4883
1.93918 4884
1.93918 4885
1.93918 4886
1.93918 4887
1.93918 4888
1.93918 4889
1.93918 4890
1.93918 4891
1.93919 4892
1.93919 4893
1.93919 4894
1.93919 4895
1.93919 4898
1.9392 4900
1.9392 4901
1.9392 4902
1.9392 4903
1.9392 4904
1.9392 4907
1.9392 4908
1.93921 4909
1.93921 4910
1.93921 4911
1.93921 4912
1.93921 4913
1.93921 4915
1.93921 4916
1.93921 4917
1.93922 4918
1.93922 4919
1.93922 4920
1.93922 4921
1.93922 4922
1.93922 4925
1.93922 4926
1.93923 4927
1.93923 4928
1.93923 4930
1.93923 4931
1.95023 4413
1.95023 4483
1.95023 4516
1.95023 4542
1.95023 4547
1.95023 4571
1.95024 4592
1.95024 4600
1.95024 4604
1.95024 4609
1.95024 4611
1.95024 4614
1.95024 4615
1.95025 4616
1.95025 4636
1.95025 4641
1.95025 4651
1.95025 4654
1.95025 4655
1.95025 4659
1.95026 4663
1.95026 4668
1.95026 4669
1.95026 4680
1.95026 4689
1.95026 4690
1.95026 4691
1.95026 4694
1.95026 4700
1.95027 4932
1.95027 4933
1.95027 4934
1.95027 4935
1.95027 4937
1.95027 4938
1.95027 4940
1.95028 4941
1.95028 4942
1.95028 4944
1.95028 4945
1.95028 4946
1.95028 4948
1.95028 4949
1.95029 4951
1.95029 4952
1.95029 4953
1.95029 4954
1.95029 4955
1.95029 4958
1.9503 4959
1.9503 4961
1.9503 4962
1.9503 4963
1.9503 4966
1.95031 4967
1.95031 4968
1.95031 4969
1.95031 4970
1.95031 4971
1.95031 4972
1.95031 4973
1.95031 4975
1.95032 4976
1.95032 4978
1.95032 4979
1.95032 4980
1.95032 4981
1.95032 4982
1.95032 4983
1.95032 4984
1.95033 4985
1.95033 4986
1.95033 4987
1.95033 4988
1.95033 4989
1.95033 4990
1.95033 4991
1.95033 4992
1.95033 4993
1.95034 4994
1.95034 4995
1.95034 4996
1.95034 4997
1.95034 4999
1.96134 4413
1.96134 4638
1.96134 4680
1.96134 4689
1.96135 4690
1.96135 4691
1.96135 4700
1.96135 4704
1.96135 4706
1.96135 4716
1.96135 4730
1.96136 4736
1.96136 4739
1.96136 4748
1.96136 4749
1.96136 4755
1.96136 5000
1.96136 5001
1.96137 5002
1.96137 5003
1.96137 5004
1.96137 5005
1.96137 5006
1.96137 5007
1.96137 5009
1.96137 5010
1.96138 5012
1.96138 5013
1.96138 5014
1.96138 5015
1.96138 5016
1.96138 5018
1.96138 5019
1.96139 5020
1.96139 5021
1.96139 5022
1.96139 5023
1.96139 5024
1.96139 5025
1.96139 5026
1.96139 5027
1.96139 5028
1.9614 5030
1.9614 5031
1.9614 5032
1.9614 5033
1.9614 5034
1.9614 5037
1.96141 5038
1.96141 5040
1.96141 5041
1.96141 5042
1.96141 5043
1.96141 5044
1.96141 5045
1.96142 5046
1.96142 5047
1.96142 5049
1.96142 5050
1.96142 5051
1.96142 5052
1.96142 5053
1.96143 5055
1.96143 5056
1.96143 5059
1.96143 5060
1.96143 5061
1.96143 5062
1.96143 5063
1.96144 5065
1.96144 5066
1.96144 5067
1.96144 5068
1.96144 5071
1.96144 5072
1.96145 5073
1.96145 5074
1.96145 5075
1.96145 5076
1.96145 5077
1.96145 5078
1.96145 5079
1.97245 4413
1.97245 4592
1.97246 4690
1.97246 4691
1.97246 4700
1.97246 4706
1.97246 4710
1.97246 4716
1.97246 4730
1.97247 4731
1.97247 4736
1.97247 4748
1.97247 4749
1.97247 4755
1.97247 4760
1.97247 4766
1.97248 4776
1.97248 4779
1.97248 4780
1.97248 4784
1.97248 4785
1.97248 4787
1.97248 4790
1.97248 4791
1.97249 4795
1.97249 4801
1.97249 5081
1.97249 5082
1.97249 5083
1.97249 5084
1.9725 5087
1.9725 5088
1.9725 5089
1.9725 5090
1.9725 5091
1.9725 5092
1.9725 5093
1.9725 5094
1.9725 5095
1.97251 5096
1.97251 5097
1.97251 5100
1.97251 5101
1.97251 5103
1.97251 5104
1.97252 5105
1.97252 5106
1.97252 5107
1.97252 5108
1.97252 5109
1.97252 5111
1.97252 5112
1.97253 5113
1.97253 5114
1.97253 5115
1.97253 5117
1.97253 5118
1.97253 5120
1.97253 5121
1.97254 5122
1.97254 5123
1.97254 5124
1.97254 5125
1.97254 5128
1.97254 5129
1.97254 5130
1.97255 5131
1.97255 5132
1.97255 5135
1.97255 5136
1.97255 5137
1.97255 5138
1.97255 5139
1.97256 5142
1.97256 5143
1.97256 5144
1.97256 5145
1.97256 5146
1.97256 5147
1.98356 4704
1.98356 4706
1.98357 4716
1.98357 4730
1.98357 4731
1.98357 4736
1.98357 4739
1.98357 4749
1.98357 4755
1.98357 4760
1.98358 4766
1.98358 4776
1.98358 4779
1.98358 4780
1.98358 4783
1.98358 4784
1.98358 4785
1.98358 4787
1.98359 4790
1.98359 4791
1.98359 4795
1.98359 4801
1.98359 4803
1.98359 4813
1.98359 4820
1.98359 4831
1.9836 4833
1.9836 4838
1.9836 4839
1.9836 4842
1.9836 4845
1.9836 4849
1.9836 4850
1.98361 4860
1.98361 5150
1.98361 5151
1.98361 5152
1.98361 5153
1.98361 5154
1.98362 5156
1.98362 5157
1.98362 5158
1.98362 5159
1.98362 5162
1.98362 5163
1.98363 5164
1.98363 5165
1.98363 5166
1.98363 5167
1.98363 5168
1.98363 5170
1.98363 5171
1.98364 5172
1.98364 5173
1.98364 5174
1.98364 5175
1.98364 5176
1.98364 5178
1.98364 5180
1.98365 5181
1.98365 5183
1.98365 5184
1.98365 5185
1.98365 5186
1.98365 5187
1.98365 5188
1.98365 5189
1.98366 5190
1.98366 5191
1.98366 5192
1.98366 5193
1.98366 5194
1.98366 5195
1.98366 5196
1.98366 5198
1.98367 5199
1.98367 5200
1.98367 5201
1.98367 5202
1.98367 5203
1.98367 5206
1.98367 5207
1.99467 4710
1.99467 4731
1.99468 4760
1.99468 4776
1.99468 4779
1.99468 4783
1.99468 4784
1.99468 4785
1.99469 4791
1.99469 4795
1.99469 4801
1.99469 4803
1.99469 4813
1.99469 4815
1.99469 4820
1.9947 4833
1.9947 4836
1.9947 4838
1.9947 4839
1.9947 4845
1.9947 4850
1.99471 4856
1.99471 4857
1.99471 4860
1.99471 4868
1.99471 4877
1.99471 4896
1.99471 4897
1.99471 4905
1.99472 4906
1.99472 4914
1.99472 4924
1.99472 4936
1.99472 5208
1.99472 5209
1.99472 5210
1.99473 5211
1.99473 5212
1.99473 5214
1.99473 5215
1.99473 5216
1.99473 5217
1.99473 5218
1.99474 5220
1.99474 5221
1.99474 5222
1.99474 5223
1.99474 5225
1.99474 5226
1.99474 5227
1.99475 5228
1.99475 5231
1.99475 5232
1.99475 5233
1.99475 5236
1.99476 5237
1.99476 5238
1.99476 5239
1.99476 5240
1.99476 5241
1.99476 5242
1.99476 5243
1.99476 5244
1.99477 5246
1.99477 5247
1.99477 5248
1.99477 5250
1.99477 5251
1.99477 5252
1.99477 5253
1.99477 5254
1.99478 5255
1.99478 5256
1.99478 5257
1.99478 5258
1.99478 5259
1.99478 5260
1.99478 5261
1.99478 5262
1.99478 5263
1.99479 5264
