1.0391 0
1.03917 2
1.03925 3
1.04838 100
1.04846 101
1.04851 102
1.04858 104
1.04863 105
1.04868 106
1.04873 107
1.04878 108
1.0488 109
1.04941 110
1.04947 111
1.04952 113
1.04958 114
1.04962 115
1.04968 116
1.05146 117
1.05156 119
1.05161 120
1.0517 121
1.05172 122
1.05174 123
1.05176 124
1.05179 125
1.05181 126
1.05183 129
1.05185 130
1.05187 131
1.05189 134
1.05193 135
1.05195 136
1.05197 137
1.05199 138
1.05202 139
1.05205 140
1.0521 142
1.05212 144
1.05215 145
1.05217 146
1.0522 149
1.05224 151
1.05226 152
1.0523 153
1.05232 154
1.05234 155
1.05238 158
1.05245 161
1.05247 162
1.0525 163
1.05253 165
1.05255 166
1.05257 167
1.05259 169
1.05261 170
1.05264 172
1.05266 173
1.05269 174
1.05274 176
1.05277 177
1.0528 178
1.05282 179
1.05285 180
1.05287 181
1.05289 182
1.05291 183
1.05295 185
1.05297 187
1.05299 188
1.05302 189
1.05304 190
1.05306 191
1.05308 193
1.05312 194
1.05315 195
1.05317 196
1.05319 197
1.05321 198
1.05323 199
1.05935 200
1.05937 201
1.05938 202
1.05942 204
1.05945 205
1.05947 208
1.05949 209
1.05951 210
1.05953 211
1.05955 213
1.05957 215
1.05959 216
1.05962 217
1.05964 218
1.05966 219
1.05968 220
1.05971 222
1.05973 223
1.05975 225
1.05977 226
1.0598 227
1.05982 229
1.05985 230
1.05987 231
1.05989 232
1.05991 233
1.05993 234
1.05995 235
1.05997 236
1.06 237
1.06002 238
1.06004 239
1.0602 240
1.06023 242
1.06026 243
1.06028 244
1.0603 245
1.06032 247
1.06034 248
1.06036 249
1.06038 250
1.0604 251
1.06042 254
1.06044 255
1.06047 256
1.06049 257
1.06051 258
1.06053 259
1.06055 260
1.06061 262
1.06063 263
1.06065 264
1.06069 266
1.06071 267
1.06074 268
1.06076 269
1.06079 271
1.06082 272
1.06084 273
1.06089 274
1.06091 276
1.06094 277
1.06097 278
1.06101 280
1.06104 281
1.0611 284
1.06112 285
1.06114 286
1.06116 287
1.06118 288
1.06121 289
1.06123 290
1.06126 292
1.06129 293
1.06131 295
1.06135 299
1.07079 300
1.07083 302
1.07089 303
1.07094 304
1.07102 305
1.07107 307
1.07112 308
1.07116 309
1.07118 310
1.07121 311
1.07123 312
1.07125 313
1.07128 314
1.07131 315
1.07133 316
1.07136 317
1.07138 318
1.07141 319
1.07143 320
1.07146 321
1.07148 322
1.07151 323
1.07161 325
1.07163 326
1.07165 327
1.07169 328
1.07173 331
1.07175 332
1.07177 333
1.0718 334
1.07182 335
1.07184 336
1.07186 337
1.07189 339
1.07197 341
1.07199 342
1.07201 343
1.07204 344
1.07206 345
1.07218 346
1.07221 347
1.07225 349
1.07227 350
1.07231 352
1.07233 353
1.07235 354
1.07237 355
1.07239 356
1.07241 357
1.07244 358
1.07246 359
1.07248 360
1.0725 362
1.07252 363
1.07254 365
1.07257 366
1.07259 367
1.07261 368
1.07264 369
1.07266 370
1.07271 372
1.07273 374
1.07275 375
1.07277 376
1.07279 377
1.07281 378
1.07283 380
1.07285 382
1.07287 383
1.07289 384
1.07292 385
1.07294 386
1.07296 387
1.07298 388
1.073 389
1.07302 390
1.07304 391
1.07306 392
1.07308 393
1.0731 394
1.07313 396
1.07316 398
1.07318 399
1.08201 400
1.08208 401
1.08213 403
1.08221 404
1.08227 405
1.08233 406
1.08241 407
1.08247 409
1.08249 410
1.08251 411
1.08253 414
1.08255 415
1.08257 416
1.08259 417
1.08261 418
1.08263 419
1.08268 422
1.0827 423
1.08272 424
1.08274 425
1.08276 428
1.08279 429
1.08281 430
1.08283 431
1.08285 432
1.08288 433
1.08291 434
1.08293 435
1.08295 436
1.08297 437
1.083 438
1.08302 439
1.08305 440
1.08309 442
1.08311 443
1.08313 444
1.08315 445
1.08318 446
1.0832 447
1.08325 448
1.08327 449
1.08329 450
1.08333 452
1.08335 453
1.0834 456
1.08345 458
1.08347 459
1.0835 460
1.08353 461
1.08355 462
1.08357 463
1.08359 464
1.08363 466
1.08365 467
1.08367 468
1.08372 469
1.08374 470
1.08376 471
1.08378 472
1.0838 473
1.08383 474
1.08386 475
1.08389 476
1.08391 477
1.08393 478
1.08395 480
1.08397 481
1.08399 482
1.08401 483
1.08403 484
1.08673 485
1.08681 488
1.08683 489
1.08702 490
1.08707 491
1.08711 492
1.08713 493
1.08722 494
1.08732 495
1.08737 496
1.08741 497
1.08746 498
1.09446 500
1.09455 501
1.09457 502
1.09459 503
1.09461 505
1.09463 506
1.09465 507
1.09469 508
1.09472 510
1.09474 511
1.09476 512
1.09479 513
1.09481 514
1.09484 515
1.09486 518
1.09488 519
1.09493 521
1.09495 522
1.09499 524
1.09502 526
1.09504 527
1.09506 529
1.0951 531
1.09512 532
1.09514 533
1.09516 535
1.09518 536
1.0952 537
1.09523 538
1.09525 539
1.09527 540
1.0953 541
1.09532 542
1.09534 543
1.09536 544
1.09538 545
1.09541 547
1.09543 548
1.09545 549
1.09547 550
1.0955 551
1.09552 552
1.09554 554
1.09556 555
1.09558 556
1.09561 557
1.09564 560
1.09567 561
1.0957 562
1.09572 563
1.09574 564
1.09576 566
1.0958 568
1.09582 569
1.09585 570
1.09589 571
1.09592 572
1.09594 573
1.09596 574
1.09599 575
1.09601 576
1.09603 577
1.09605 579
1.09607 580
1.09609 581
1.09611 582
1.09614 583
1.09616 584
1.09618 585
1.09621 586
1.09627 588
1.09629 589
1.09631 590
1.09635 592
1.09637 593
1.09642 595
1.09645 597
1.09648 598
1.0965 599
1.10431 1
1.10432 4
1.10435 5
1.1044 8
1.10442 9
1.10444 10
1.10447 11
1.1045 12
1.10452 13
1.10455 18
1.10457 19
1.10459 20
1.10461 21
1.10465 24
1.10467 26
1.10469 30
1.10471 31
1.10474 32
1.10477 33
1.10479 34
1.10694 36
1.107 38
1.10705 39
1.10709 40
1.10711 41
1.10713 42
1.10715 43
1.1072 46
1.10722 47
1.10724 48
1.10726 50
1.10728 51
1.1073 52
1.10732 53
1.10734 54
1.10737 55
1.10739 58
1.10741 59
1.10743 60
1.10746 61
1.10748 62
1.1075 63
1.10752 64
1.10754 65
1.10756 66
1.10758 67
1.1076 68
1.10762 69
1.10767 71
1.10771 72
1.10773 73
1.10775 75
1.10777 77
1.10779 78
1.10781 79
1.10786 81
1.1079 83
1.10792 84
1.10794 85
1.10797 86
1.108 87
1.10802 88
1.10805 89
1.10807 90
1.10809 91
1.10811 92
1.10813 93
1.10815 96
1.10819 99
1.10822 600
1.10824 601
1.10826 602
1.11524 1
1.11532 4
1.11537 5
1.11539 7
1.11546 8
1.11548 10
1.1155 12
1.11553 13
1.11555 14
1.11557 15
1.11559 16
1.11561 18
1.11563 19
1.11565 20
1.1157 22
1.11575 25
1.11578 26
1.1158 28
1.11582 30
1.11584 31
1.11586 33
1.1159 34
1.11592 35
1.11594 36
1.11596 37
1.11598 38
1.116 39
1.11603 40
1.11605 42
1.11607 43
1.11609 44
1.11611 45
1.11613 46
1.11616 47
1.11618 48
1.1162 49
1.11625 51
1.11627 52
1.11629 53
1.11631 54
1.11633 55
1.11635 57
1.1164 59
1.11643 60
1.11648 63
1.11652 66
1.11655 67
1.11657 68
1.1166 69
1.11662 70
1.11664 71
1.11666 72
1.11673 74
1.11675 75
1.11677 76
1.11679 77
1.11681 78
1.11683 79
1.11685 80
1.11687 81
1.1169 82
1.11692 83
1.11694 84
1.11696 86
1.11699 87
1.11701 88
1.11703 89
1.11706 90
1.11708 91
1.1171 93
1.11712 94
1.11714 95
1.11716 96
1.11724 99
1.11726 112
1.11728 118
1.1173 127
1.11732 128
1.11734 132
1.11736 133
1.11739 141
1.11741 147
1.11743 148
1.11747 150
1.11749 156
1.11751 157
1.11754 160
1.11756 168
1.11759 171
1.11762 175
1.11764 184
1.11768 192
1.12678 1
1.12694 4
1.127 5
1.12705 6
1.12707 7
1.12712 10
1.12714 12
1.12716 14
1.12724 18
1.12727 19
1.12729 20
1.12732 21
1.12735 23
1.12736 24
1.12738 25
1.12741 26
1.12743 27
1.12745 28
1.12748 29
1.12751 30
1.12754 33
1.12757 34
1.12759 35
1.12763 37
1.12765 38
1.12768 39
1.12773 40
1.12775 41
1.12778 42
1.12781 43
1.12783 44
1.12785 45
1.12787 46
1.12792 48
1.12794 49
1.12798 50
1.128 51
1.12802 52
1.12804 53
1.12806 54
1.1281 56
1.12812 57
1.12814 58
1.12816 59
1.12818 60
1.1282 61
1.12823 62
1.12825 63
1.12827 64
1.1283 65
1.12832 66
1.12834 67
1.12836 68
1.12838 69
1.12841 70
1.12843 72
1.12845 73
1.12847 74
1.12849 75
1.12852 76
1.12854 78
1.12856 79
1.12858 80
1.12861 81
1.12864 82
1.12866 83
1.12868 84
1.12871 85
1.12874 88
1.12876 89
1.12879 90
1.12881 91
1.12884 92
1.12886 93
1.12888 94
1.12892 96
1.12894 97
1.12896 98
1.12898 99
1.12901 112
1.12903 118
1.12905 127
1.12907 128
1.12909 132
1.12913 141
1.12915 143
1.1292 148
1.12923 150
1.12925 156
1.12928 157
1.1293 159
1.12934 164
1.12939 171
1.12941 175
1.12945 192
1.12947 203
1.1295 206
1.12954 212
1.12956 221
1.12959 224
1.12968 252
1.1297 253
1.12976 265
1.12978 270
1.12983 282
1.12985 283
1.12989 294
1.12992 296
1.1316 298
1.13961 6
1.13967 7
1.13973 14
1.13978 15
1.1398 16
1.13984 17
1.13988 23
1.13991 25
1.13993 27
1.13996 28
1.13998 29
1.14 35
1.14003 44
1.14005 45
1.14007 49
1.1401 56
1.14012 70
1.14015 74
1.14018 76
1.1402 79
1.14022 80
1.14059 82
1.14061 83
1.14063 84
1.14065 85
1.14067 86
1.1407 87
1.14072 89
1.14074 90
1.14076 92
1.14081 94
1.14083 95
1.14085 96
1.14087 97
1.1409 99
1.14092 127
1.14094 128
1.14099 133
1.14103 141
1.14105 143
1.14109 147
1.14111 148
1.14113 156
1.14115 157
1.14117 160
1.14119 164
1.14121 168
1.14124 171
1.14126 175
1.14128 184
1.1413 192
1.14132 206
1.14135 207
1.14137 212
1.14139 214
1.14141 221
1.14144 224
1.14146 228
1.14148 241
1.1415 246
1.14152 252
1.14159 270
1.14161 275
1.14163 279
1.14165 282
1.1417 296
1.14172 297
1.14175 298
1.14178 301
1.1418 306
1.14183 324
1.14185 329
1.14188 330
1.1419 338
1.14192 340
1.14194 351
1.14196 361
1.14199 364
1.14202 373
1.14204 379
1.14208 395
1.14211 397
1.14926 6
1.1493 17
1.14935 27
1.14943 29
1.14947 56
1.14952 97
1.14957 98
1.14963 103
1.14967 159
1.14972 164
1.14978 186
1.14984 203
1.14988 206
1.14996 207
1.15001 212
1.15003 214
1.15006 224
1.15027 246
1.15028 252
1.15031 253
1.15036 265
1.15038 270
1.15042 279
1.15044 282
1.15047 283
1.15049 291
1.15054 296
1.15055 297
1.15207 301
1.15212 306
1.15216 324
1.15218 329
1.15221 338
1.15223 340
1.15226 348
1.15228 351
1.1523 361
1.15232 371
1.15234 373
1.15236 379
1.15238 381
1.1524 395
1.15242 402
1.15244 408
1.15246 413
1.15248 420
1.1525 421
1.15252 426
1.15254 427
1.15257 441
1.15259 603
1.15261 604
1.15264 605
1.15266 606
1.15268 607
1.1527 608
1.15272 609
1.15274 611
1.15276 612
1.15281 614
1.15285 616
1.15287 617
1.15322 618
1.1536 619
1.15362 620
1.15364 622
1.15367 623
1.15371 627
1.15373 628
1.15375 629
1.15377 631
1.1538 632
1.15381 633
1.15384 634
1.15386 635
1.15388 636
1.1539 637
1.15392 638
1.15394 639
1.16007 17
1.16012 23
1.16018 27
1.16024 29
1.16028 56
1.16037 97
1.16043 98
1.16047 103
1.16052 159
1.16054 186
1.16057 203
1.16059 207
1.16062 212
1.16065 214
1.16067 221
1.1607 224
1.16073 228
1.16075 241
1.16078 252
1.1608 253
1.16082 261
1.16084 265
1.16089 275
1.16091 279
1.16093 282
1.16239 294
1.16241 297
1.1625 301
1.16254 306
1.16256 324
1.16272 330
1.16277 340
1.16279 348
1.16281 351
1.16283 361
1.16286 364
1.16288 371
1.16291 381
1.16293 395
1.16295 397
1.16299 402
1.16301 408
1.16303 412
1.16306 413
1.16308 420
1.1631 421
1.16313 427
1.16315 441
1.16317 640
1.16319 641
1.16321 644
1.16324 645
1.16326 646
1.16328 647
1.1633 648
1.16332 649
1.16335 650
1.16337 651
1.16342 653
1.16344 654
1.16346 655
1.16348 657
1.1635 658
1.16352 659
1.16354 660
1.16356 661
1.16358 662
1.1636 663
1.16362 665
1.16364 666
1.16366 667
1.16368 668
1.1637 669
1.16372 670
1.16374 671
1.16377 672
1.16379 673
1.16382 674
1.16384 675
1.16386 676
1.16388 677
1.17198 17
1.17205 103
1.17207 207
1.17215 214
1.1722 228
1.17225 241
1.17232 261
1.17233 275
1.17236 279
1.1724 297
1.17242 301
1.17244 324
1.17246 329
1.17249 330
1.17251 338
1.17253 340
1.17256 348
1.17261 361
1.17263 364
1.17267 373
1.17269 379
1.17273 395
1.17277 402
1.1728 408
1.17282 412
1.17284 413
1.17286 426
1.17289 427
1.17291 441
1.17293 451
1.17295 454
1.17297 455
1.173 457
1.17302 465
1.17305 479
1.17306 486
1.17311 504
1.17313 509
1.17315 517
1.17325 523
1.17328 525
1.1733 678
1.17332 679
1.17335 680
1.17337 681
1.17339 682
1.17341 683
1.17344 685
1.17347 687
1.1735 688
1.17352 689
1.17354 690
1.17356 691
1.17358 692
1.1736 693
1.17363 694
1.17365 695
1.17367 696
1.17374 700
1.17376 701
1.17379 702
1.17382 704
1.17384 707
1.17386 708
1.17388 709
1.1739 711
1.17392 712
1.17394 713
1.17396 714
1.17398 715
1.174 716
1.17402 717
1.17404 718
1.17406 719
1.17408 720
1.1741 721
1.18158 261
1.1816 412
1.18166 451
1.18168 454
1.1817 455
1.18172 457
1.18174 465
1.18176 479
1.18178 486
1.18181 487
1.18183 499
1.18185 504
1.18191 516
1.18194 517
1.18198 523
1.182 525
1.18202 528
1.18204 722
1.18209 724
1.18211 725
1.18214 726
1.18217 727
1.1822 728
1.18222 729
1.18227 731
1.1841 732
1.18412 733
1.18414 734
1.18417 735
1.18424 738
1.18426 739
1.18429 740
1.18431 741
1.18434 742
1.18438 744
1.1844 745
1.18443 746
1.18445 747
1.18447 748
1.1845 749
1.18452 751
1.18454 752
1.18456 753
1.18459 754
1.18461 755
1.18463 756
1.18466 757
1.1847 758
1.18472 760
1.18476 761
1.18479 762
1.18481 763
1.18483 764
1.18486 767
1.18488 768
1.1849 769
1.18494 770
1.18496 771
1.18498 772
1.185 773
1.18503 774
1.18505 775
1.18507 776
1.18509 777
1.18511 778
1.18513 779
1.18515 780
1.18518 781
1.18521 782
1.18524 784
1.18526 786
1.18528 787
1.1853 788
1.18532 789
1.18534 790
1.18537 791
1.18542 793
1.18544 794
1.18546 795
1.18548 796
1.18551 797
1.18553 798
1.18555 799
1.18558 800
1.18562 802
1.19456 412
1.1946 451
1.19538 455
1.1954 457
1.19548 465
1.19552 479
1.19564 487
1.19566 499
1.19575 504
1.1958 509
1.19582 516
1.19584 517
1.19587 520
1.19589 523
1.19594 803
1.19597 804
1.196 805
1.19602 806
1.19605 807
1.19608 808
1.1961 810
1.19613 811
1.19615 812
1.19617 813
1.19619 814
1.19621 816
1.19623 817
1.19625 818
1.19627 819
1.19631 822
1.19633 824
1.19636 825
1.19641 827
1.19643 828
1.19645 829
1.19648 830
1.19651 831
1.19653 833
1.19655 835
1.19658 836
1.1966 837
1.19662 838
1.19665 839
1.19667 840
1.1967 841
1.19672 842
1.19673 843
1.19676 844
1.19678 845
1.1968 846
1.19682 847
1.19684 848
1.19688 852
1.19692 853
1.19694 855
1.19697 856
1.19699 857
1.197 859
1.19705 861
1.19707 862
1.19711 865
1.19716 867
1.19718 868
1.1972 870
1.19723 872
1.19725 873
1.19727 874
1.19731 876
1.19734 877
1.19737 878
1.19739 879
1.19741 880
1.19743 881
1.19746 882
1.19748 883
1.1975 884
1.206 487
1.20605 499
1.2061 516
1.20612 520
1.20614 546
1.20616 553
1.20618 558
1.20621 559
1.20623 885
1.20625 886
1.20629 888
1.20631 889
1.20634 890
1.20639 892
1.20641 893
1.20643 894
1.20645 895
1.20647 896
1.20649 898
1.20651 899
1.20653 900
1.20658 902
1.2066 903
1.20662 904
1.20665 905
1.20668 906
1.2067 907
1.20672 908
1.20677 910
1.20679 911
1.20683 913
1.20685 914
1.2069 915
1.20693 916
1.20696 917
1.20698 918
1.207 919
1.20705 921
1.20709 923
1.20711 924
1.20713 926
1.20716 927
1.20719 928
1.20721 929
1.20724 930
1.20793 931
1.20795 932
1.20797 933
1.20799 934
1.20801 935
1.20804 936
1.20806 937
1.2081 940
1.20812 941
1.20815 942
1.20818 943
1.2082 944
1.20822 945
1.20824 946
1.20826 947
1.20828 948
1.20884 949
1.20886 950
1.20888 951
1.20891 952
1.20894 953
1.20898 956
1.209 957
1.20902 958
1.2091 961
1.20912 962
1.20914 963
1.20916 964
1.20919 965
1.20923 967
1.20925 968
1.20927 969
1.20929 970
1.20931 971
1.21685 520
1.21691 530
1.21696 534
1.21702 546
1.21709 553
1.21715 558
1.2172 567
1.21722 578
1.21724 587
1.21726 591
1.21728 594
1.21731 596
1.21733 974
1.21736 975
1.21738 976
1.2174 977
1.21742 978
1.21744 979
1.21804 980
1.21806 983
1.21821 984
1.21827 985
1.21833 986
1.21838 987
1.21844 988
1.21846 989
1.21848 990
1.21854 993
1.21856 994
1.21858 995
1.2186 996
1.21862 997
1.21864 998
1.21866 999
1.21869 1000
1.21872 1001
1.21874 1002
1.21876 1003
1.21878 1004
1.21881 1005
1.21883 1006
1.21885 1008
1.21887 1009
1.2189 1010
1.21892 1011
1.21895 1012
1.21897 1013
1.21899 1014
1.21902 1017
1.21905 1018
1.21907 1019
1.2191 1020
1.21913 1021
1.21916 1022
1.21918 1023
1.2192 1024
1.21925 1026
1.21927 1028
1.21932 1030
1.21934 1031
1.21939 1033
1.21942 1034
1.21945 1035
1.21947 1036
1.2195 1037
1.21952 1038
1.21954 1039
1.21956 1040
1.21958 1041
1.2196 1042
1.21962 1043
1.21964 1044
1.21966 1045
1.21968 1046
1.2197 1047
1.21974 1048
1.21976 1049
1.21979 1050
1.21981 1051
1.21983 1053
1.2199 1055
1.21992 1056
1.21995 1057
1.21997 1058
1.21999 1059
1.22825 530
1.22829 534
1.22835 546
1.2284 553
1.22844 558
1.22849 559
1.22856 565
1.22866 567
1.22906 578
1.22935 587
1.22939 591
1.22944 594
1.22951 596
1.22956 615
1.22961 624
1.22963 625
1.22965 626
1.22967 630
1.22969 642
1.22971 643
1.22973 664
1.22976 684
1.22978 686
1.2298 1060
1.22982 1061
1.22984 1062
1.23017 1063
1.23022 1064
1.2303 1065
1.23035 1066
1.23036 1067
1.23039 1070
1.2305 1072
1.23054 1074
1.23056 1075
1.23058 1076
1.2306 1078
1.23062 1079
1.23065 1080
1.23067 1081
1.23069 1082
1.23074 1084
1.23076 1085
1.23079 1086
1.23081 1087
1.23083 1088
1.23085 1091
1.23087 1092
1.23089 1096
1.23092 1097
1.23094 1098
1.23096 1099
1.23098 1100
1.231 1101
1.23102 1102
1.23104 1103
1.23106 1104
1.23108 1105
1.23111 1107
1.23113 1108
1.23117 1109
1.2312 1110
1.23124 1112
1.23126 1113
1.23128 1114
1.23131 1115
1.23133 1116
1.23135 1117
1.23139 1120
1.23142 1121
1.23144 1122
1.23146 1123
1.23149 1124
1.23152 1125
1.23154 1126
1.23157 1128
1.2316 1129
1.23164 1130
1.23935 534
1.23941 567
1.23946 587
1.23951 591
1.23956 594
1.23961 596
1.23977 613
1.23984 621
1.23986 624
1.23988 625
1.2399 626
1.23992 630
1.23994 642
1.23998 643
1.24 652
1.24002 656
1.24005 664
1.24007 684
1.24009 686
1.24012 1131
1.24015 1132
1.24017 1133
1.2402 1134
1.24022 1135
1.24026 1138
1.24028 1142
1.24031 1143
1.24033 1144
1.24035 1145
1.24037 1146
1.24039 1147
1.24042 1148
1.24046 1150
1.24048 1151
1.24052 1153
1.24054 1154
1.24056 1155
1.24059 1156
1.24062 1158
1.24064 1159
1.24068 1160
1.2407 1161
1.24072 1162
1.24074 1163
1.24078 1164
1.2408 1165
1.24082 1166
1.24084 1167
1.24086 1168
1.24088 1169
1.2409 1170
1.24092 1172
1.24094 1173
1.24096 1175
1.24098 1176
1.24103 1179
1.24105 1180
1.24107 1181
1.24109 1183
1.24111 1184
1.24113 1185
1.24116 1186
1.24118 1187
1.24121 1188
1.24123 1190
1.24125 1191
1.24129 1194
1.24131 1195
1.24134 1196
1.24137 1197
1.24139 1198
1.24141 1199
1.24143 1200
1.24145 1201
1.24148 1202
1.2415 1203
1.24152 1204
1.24155 1205
1.24158 1206
1.24945 565
1.24949 613
1.24956 621
1.24962 625
1.24972 626
1.25085 630
1.25092 642
1.25096 643
1.25102 652
1.25108 664
1.25113 684
1.25119 686
1.2512 697
1.25125 698
1.25134 706
1.25136 710
1.25139 723
1.25141 736
1.25145 750
1.25147 759
1.25149 765
1.25152 766
1.25154 1209
1.25156 1210
1.25159 1211
1.25161 1212
1.25163 1213
1.25165 1214
1.25167 1216
1.25169 1217
1.25171 1218
1.25174 1219
1.25177 1220
1.25179 1221
1.25182 1222
1.25185 1223
1.25189 1226
1.25192 1227
1.25194 1228
1.25196 1229
1.25198 1231
1.252 1232
1.25205 1236
1.25207 1237
1.25209 1238
1.25211 1240
1.25214 1241
1.25216 1242
1.25218 1243
1.2522 1244
1.25224 1245
1.25226 1246
1.25228 1247
1.2523 1248
1.25233 1249
1.25237 1250
1.2524 1251
1.25243 1252
1.25246 1253
1.25248 1254
1.25252 1256
1.25257 1259
1.25259 1260
1.25261 1261
1.25264 1262
1.25268 1263
1.2527 1264
1.25272 1265
1.25274 1266
1.25276 1267
1.25278 1268
1.25281 1269
1.25283 1270
1.25285 1272
1.25289 1274
1.26076 613
1.26078 621
1.2608 656
1.26082 697
1.26084 698
1.26087 699
1.2609 703
1.26093 705
1.26095 706
1.26097 710
1.261 723
1.26102 730
1.26105 737
1.26107 743
1.26328 750
1.26336 759
1.2634 783
1.26342 785
1.26344 792
1.26346 801
1.26348 809
1.26351 820
1.26355 823
1.26357 826
1.26359 834
1.26363 854
1.26366 1275
1.26368 1276
1.26371 1277
1.26373 1278
1.26375 1279
1.26382 1281
1.26384 1282
1.26386 1283
1.26388 1284
1.2639 1286
1.26392 1287
1.26397 1289
1.26399 1290
1.26401 1291
1.26403 1292
1.26406 1293
1.26408 1294
1.2641 1295
1.26412 1296
1.26416 1299
1.2642 1301
1.26424 1303
1.26427 1304
1.26429 1305
1.26431 1306
1.26433 1307
1.26436 1308
1.26438 1309
1.2644 1310
1.26442 1311
1.26444 1312
1.26446 1313
1.26449 1314
1.26451 1317
1.26454 1318
1.26456 1319
1.26459 1320
1.26461 1321
1.26463 1322
1.26467 1325
1.2647 1326
1.26472 1327
1.26474 1328
1.26476 1329
1.26696 1330
1.26701 1331
1.26706 1332
1.26714 1333
1.26719 1334
1.26726 1335
1.26734 1337
1.27142 610
1.27144 697
1.27155 698
1.27164 699
1.2717 703
1.27174 705
1.27179 706
1.27185 710
1.27194 737
1.27196 743
1.27199 750
1.27201 759
1.27203 765
1.27205 766
1.27207 783
1.27212 785
1.27214 792
1.27216 801
1.27218 809
1.2722 815
1.27222 820
1.27227 823
1.2723 826
1.27232 832
1.27234 834
1.27237 849
1.27241 851
1.27243 854
1.27245 858
1.27284 863
1.27289 866
1.27291 871
1.27296 891
1.27299 897
1.27301 901
1.27303 912
1.27305 920
1.27307 922
1.2731 1338
1.27314 1340
1.27317 1342
1.27319 1343
1.27321 1345
1.27323 1346
1.27325 1347
1.27327 1348
1.2733 1349
1.27332 1350
1.27334 1351
1.27336 1352
1.2734 1354
1.27342 1355
1.27344 1356
1.27346 1357
1.27348 1359
1.27351 1360
1.27353 1361
1.27356 1363
1.27358 1364
1.2736 1365
1.27362 1366
1.27364 1367
1.27367 1368
1.27372 1369
1.27374 1370
1.27376 1371
1.27378 1372
1.2738 1373
1.27382 1374
1.27384 1375
1.27387 1376
1.27389 1377
1.27391 1379
1.27396 1382
1.27399 1383
1.27401 1384
1.27404 1385
1.27406 1386
1.27408 1387
1.28152 610
1.28158 699
1.28163 703
1.28165 705
1.28167 730
1.28169 737
1.28172 743
1.28174 783
1.28205 785
1.28207 792
1.28211 801
1.28213 809
1.28215 815
1.28217 820
1.28221 823
1.28223 826
1.2826 832
1.28262 834
1.28264 849
1.28266 850
1.28269 851
1.28271 854
1.28273 863
1.28275 864
1.28277 866
1.2828 869
1.28284 871
1.28286 875
1.28288 887
1.2829 891
1.28294 909
1.28296 912
1.28301 920
1.28303 922
1.28306 925
1.28309 938
1.28311 939
1.28313 954
1.28315 955
1.28318 959
1.2832 960
1.28323 966
1.28325 972
1.28329 981
1.28332 982
1.28334 991
1.28336 1007
1.2834 1015
1.28342 1388
1.28344 1390
1.28346 1391
1.28348 1392
1.28351 1393
1.28353 1394
1.28355 1395
1.28358 1396
1.2836 1398
1.28365 1400
1.28367 1401
1.28371 1404
1.28373 1406
1.28375 1408
1.28377 1409
1.28384 1413
1.28386 1414
1.28388 1415
1.28391 1416
1.28393 1417
1.28395 1418
1.28401 1421
1.28403 1422
1.28407 1424
1.28409 1425
1.28417 1428
1.2842 1429
1.28422 1430
1.28424 1431
1.28426 1432
1.29486 610
1.29495 801
1.29497 809
1.29499 815
1.29501 820
1.29505 823
1.29508 826
1.2951 832
1.29512 834
1.29514 849
1.29519 851
1.29521 854
1.29523 860
1.29536 863
1.29538 864
1.2954 866
1.29543 869
1.29545 871
1.29582 875
1.29619 887
1.29628 891
1.29634 897
1.29638 901
1.29642 909
1.29647 912
1.29655 920
1.29662 922
1.29664 925
1.29666 938
1.29671 954
1.29673 955
1.29675 959
1.29677 960
1.29679 966
1.29681 972
1.29683 973
1.29686 981
1.29689 992
1.29691 1007
1.29693 1015
1.29699 1027
1.29702 1029
1.29704 1032
1.29706 1052
1.29709 1054
1.29711 1068
1.29715 1071
1.29717 1073
1.29722 1083
1.29724 1089
1.29727 1090
1.2973 1433
1.29732 1434
1.29734 1435
1.29736 1436
1.29738 1437
1.2974 1438
1.29742 1440
1.29744 1441
1.29746 1442
1.29749 1443
1.29751 1444
1.29754 1445
1.29759 1449
1.29761 1450
1.29763 1451
1.29765 1453
1.29767 1455
1.29769 1456
1.29771 1457
1.29774 1458
1.29776 1459
1.29778 1460
1.29781 1461
1.29784 1462
1.29786 1463
1.29788 1464
1.29791 1466
1.3049 821
1.30495 850
1.30499 860
1.30501 864
1.30503 887
1.30506 909
1.30508 938
1.30511 954
1.30544 959
1.30549 960
1.30551 972
1.30553 973
1.30556 981
1.30558 992
1.3056 1007
1.30562 1025
1.30564 1027
1.30567 1029
1.30571 1052
1.30576 1069
1.30579 1071
1.30582 1073
1.30584 1077
1.30586 1083
1.30588 1089
1.3059 1090
1.30592 1093
1.30595 1094
1.30598 1095
1.306 1106
1.30602 1111
1.30604 1118
1.30606 1127
1.30608 1136
1.3061 1137
1.30613 1139
1.30616 1140
1.3062 1152
1.30622 1157
1.30624 1171
1.30629 1177
1.30631 1468
1.30636 1470
1.30639 1471
1.30641 1473
1.30643 1474
1.30646 1475
1.3065 1477
1.30682 1478
1.30832 1479
1.30836 1480
1.30842 1481
1.30846 1482
1.30848 1483
1.3085 1484
1.30852 1485
1.30884 1487
1.30886 1488
1.30888 1489
1.30891 1490
1.30893 1491
1.30895 1492
1.30897 1494
1.30899 1495
1.30901 1496
1.30903 1497
1.30905 1498
1.30907 1499
1.30909 1501
1.30911 1502
1.30918 1506
1.3092 1507
1.30923 1508
1.30925 1509
1.31608 821
1.31613 860
1.31617 973
1.31622 992
1.31624 1016
1.31626 1025
1.31628 1027
1.31632 1029
1.31636 1032
1.31638 1052
1.3164 1054
1.31643 1068
1.31645 1069
1.31647 1071
1.31649 1073
1.31651 1083
1.31653 1089
1.31656 1090
1.31658 1094
1.3166 1095
1.31662 1106
1.31664 1111
1.31666 1118
1.31668 1119
1.3167 1127
1.31672 1136
1.31674 1137
1.31677 1139
1.31679 1140
1.31683 1149
1.31685 1152
1.31688 1171
1.31692 1177
1.31694 1178
1.31696 1182
1.31698 1189
1.317 1192
1.31702 1193
1.31705 1207
1.31707 1224
1.3171 1225
1.31712 1510
1.31713 1511
1.31715 1512
1.31717 1513
1.3172 1514
1.31722 1515
1.31724 1516
1.31728 1518
1.31731 1519
1.31733 1520
1.31735 1521
1.31737 1522
1.31739 1523
1.31741 1524
1.31743 1525
1.31748 1527
1.31752 1530
1.31758 1533
1.31763 1535
1.31765 1536
1.31769 1538
1.31774 1540
1.31776 1541
1.31778 1542
1.31783 1544
1.31785 1546
1.31787 1547
1.3179 1548
1.31792 1549
1.31794 1551
1.31797 1552
1.31799 1553
1.31801 1554
1.31803 1555
1.31805 1556
1.31807 1558
1.31809 1559
1.31811 1560
1.32658 821
1.32665 973
1.32718 1016
1.32722 1025
1.32729 1027
1.32737 1029
1.32742 1032
1.3275 1052
1.32754 1054
1.32759 1068
1.32767 1069
1.32769 1071
1.32771 1073
1.32774 1077
1.32776 1083
1.32778 1089
1.3278 1090
1.32782 1093
1.32785 1095
1.32788 1106
1.32794 1118
1.32798 1127
1.328 1136
1.32802 1137
1.32807 1140
1.32809 1141
1.32814 1152
1.32816 1157
1.32818 1171
1.32822 1174
1.32824 1177
1.32827 1178
1.32829 1182
1.32831 1189
1.32834 1192
1.32837 1193
1.32839 1207
1.32841 1208
1.32843 1215
1.32846 1224
1.32851 1230
1.32853 1233
1.32855 1234
1.32857 1235
1.32859 1239
1.32862 1255
1.32864 1257
1.32866 1258
1.32868 1271
1.3287 1273
1.32872 1280
1.32876 1563
1.32878 1564
1.32881 1565
1.32884 1566
1.32886 1567
1.32888 1568
1.3289 1569
1.32892 1570
1.32894 1571
1.32897 1572
1.329 1573
1.32906 1575
1.32908 1576
1.3291 1577
1.32912 1578
1.32914 1579
1.32916 1580
1.3292 1584
1.32923 1586
1.32927 1588
1.32929 1589
1.32931 1590
1.32933 1591
1.32935 1592
1.32937 1593
1.32939 1594
1.32941 1595
1.32943 1596
1.32945 1597
1.32952 1599
1.32954 1600
1.32956 1602
1.33878 1016
1.33885 1119
1.33899 1141
1.33905 1149
1.33909 1178
1.33911 1182
1.33913 1189
1.33916 1192
1.33918 1193
1.33923 1208
1.33925 1215
1.33927 1224
1.3393 1225
1.33933 1230
1.33936 1233
1.33938 1234
1.3394 1235
1.33942 1239
1.33944 1255
1.33946 1257
1.34179 1258
1.34189 1271
1.34196 1273
1.34201 1280
1.34205 1285
1.34211 1288
1.34213 1297
1.34215 1298
1.34218 1300
1.3422 1302
1.34222 1315
1.34224 1323
1.34226 1324
1.34229 1336
1.34232 1344
1.34234 1353
1.34236 1604
1.34238 1605
1.3424 1606
1.34242 1607
1.34244 1608
1.3425 1609
1.34284 1610
1.34299 1611
1.34301 1612
1.34303 1613
1.34305 1614
1.34307 1616
1.3431 1617
1.34312 1618
1.34314 1619
1.34316 1620
1.34318 1621
1.3432 1622
1.34324 1624
1.34327 1625
1.34353 1627
1.34356 1628
1.34358 1629
1.3436 1630
1.3438 1631
1.34385 1632
1.34387 1633
1.34389 1634
1.34391 1635
1.34394 1637
1.34396 1639
1.34399 1640
1.34401 1641
1.34403 1642
1.34407 1644
1.3441 1645
1.34412 1646
1.34414 1648
1.34418 1650
1.3442 1651
1.34422 1652
1.34426 1654
1.34428 1655
1.34433 1657
1.34436 1659
1.34438 1660
1.34443 1662
1.35106 1141
1.3511 1174
1.35114 1208
1.35119 1215
1.35126 1233
1.35137 1239
1.35142 1255
1.35148 1257
1.35153 1271
1.35157 1273
1.35159 1280
1.35161 1285
1.35163 1288
1.35174 1297
1.35178 1298
1.35182 1300
1.3519 1315
1.35192 1316
1.35202 1323
1.35208 1336
1.35213 1339
1.35215 1341
1.35217 1344
1.35221 1362
1.35223 1378
1.35232 1380
1.35237 1663
1.35239 1664
1.35242 1665
1.35244 1667
1.35246 1668
1.35248 1669
1.35251 1670
1.35255 1674
1.35257 1675
1.35259 1676
1.35261 1677
1.35263 1679
1.35266 1680
1.35268 1681
1.3527 1682
1.35272 1683
1.35274 1684
1.35278 1685
1.35281 1686
1.35286 1689
1.35288 1690
1.35291 1691
1.35293 1693
1.35295 1694
1.35297 1695
1.35303 1698
1.35307 1700
1.35309 1701
1.35311 1702
1.35313 1703
1.35315 1704
1.35317 1705
1.35319 1706
1.35321 1707
1.35324 1708
1.35325 1710
1.35328 1711
1.35331 1712
1.3534 1718
1.35343 1719
1.35346 1720
1.35348 1721
1.3535 1722
1.35353 1723
1.35356 1725
1.35358 1726
1.35935 1285
1.35939 1288
1.35947 1298
1.35951 1300
1.35956 1302
1.35961 1315
1.3597 1323
1.35975 1324
1.35977 1336
1.35979 1339
1.35981 1341
1.35983 1344
1.35985 1353
1.35987 1362
1.3599 1378
1.35992 1380
1.35994 1381
1.35996 1389
1.35998 1397
1.36 1402
1.36003 1403
1.36006 1407
1.36008 1410
1.3601 1411
1.36015 1420
1.36017 1423
1.3602 1426
1.36023 1427
1.36025 1439
1.36027 1446
1.3603 1447
1.36032 1448
1.36034 1727
1.36036 1728
1.36038 1730
1.3604 1731
1.36044 1733
1.36047 1735
1.36049 1736
1.36054 1738
1.36056 1739
1.36058 1740
1.3606 1741
1.36062 1742
1.36064 1743
1.36068 1744
1.36072 1750
1.36074 1751
1.36076 1752
1.36078 1753
1.36081 1754
1.36085 1755
1.36087 1756
1.36089 1757
1.36091 1758
1.36093 1759
1.36095 1760
1.36097 1761
1.36099 1762
1.36101 1763
1.36104 1764
1.36106 1765
1.36108 1766
1.3611 1767
1.36112 1768
1.36114 1770
1.36116 1771
1.36118 1772
1.3612 1773
1.36122 1775
1.36125 1776
1.3613 1779
1.36132 1780
1.36134 1781
1.36136 1782
1.36139 1783
1.36141 1784
1.36143 1785
1.36145 1786
1.37091 1288
1.37097 1297
1.37102 1298
1.37104 1300
1.37108 1302
1.37116 1315
1.37122 1316
1.3713 1323
1.37137 1324
1.37141 1336
1.37156 1341
1.37162 1353
1.37164 1358
1.37338 1362
1.37346 1378
1.37355 1380
1.37359 1381
1.37366 1389
1.37372 1397
1.37386 1399
1.37392 1403
1.37397 1405
1.37405 1407
1.3741 1410
1.37416 1411
1.37423 1412
1.37427 1420
1.3743 1423
1.37432 1426
1.37434 1446
1.37436 1447
1.37438 1448
1.37444 1454
1.37446 1465
1.37449 1467
1.37451 1469
1.37454 1472
1.37456 1476
1.37458 1486
1.37461 1493
1.37463 1789
1.37466 1790
1.37468 1791
1.3747 1792
1.37472 1793
1.37474 1794
1.37476 1795
1.37478 1796
1.3748 1797
1.37483 1799
1.37485 1800
1.37488 1802
1.3749 1803
1.37493 1804
1.37496 1805
1.37498 1806
1.375 1807
1.37502 1808
1.37504 1809
1.37507 1810
1.37509 1811
1.37511 1812
1.37513 1813
1.37517 1815
1.3752 1816
1.37523 1817
1.37525 1819
1.37529 1822
1.37531 1823
1.37533 1824
1.37537 1827
1.3754 1828
1.37542 1829
1.37544 1830
1.37547 1831
1.3755 1832
1.37552 1833
1.37554 1834
1.37557 1835
1.37559 1836
1.37561 1837
1.37564 1838
1.37566 1839
1.37568 1840
1.38291 1362
1.38301 1378
1.38306 1380
1.38308 1381
1.38316 1389
1.38326 1397
1.38333 1402
1.38337 1403
1.38343 1407
1.38347 1410
1.38349 1411
1.38352 1412
1.38355 1419
1.38359 1423
1.38362 1426
1.38364 1427
1.38366 1439
1.38369 1446
1.38372 1447
1.38379 1465
1.38381 1467
1.38383 1469
1.38396 1472
1.38398 1476
1.38512 1486
1.38516 1493
1.38521 1504
1.38525 1505
1.38532 1517
1.3854 1526
1.38542 1528
1.38544 1529
1.38546 1531
1.38548 1532
1.38563 1539
1.38571 1543
1.38577 1545
1.38588 1562
1.38593 1843
1.38602 1844
1.38609 1845
1.38614 1846
1.38619 1847
1.38625 1848
1.38626 1849
1.38634 1850
1.38641 1853
1.38648 1856
1.3866 1858
1.38665 1859
1.3867 1860
1.38679 1861
1.38684 1862
1.38689 1863
1.3869 1864
1.38692 1865
1.38694 1866
1.38697 1868
1.38701 1871
1.38726 1873
1.3873 1874
1.38735 1875
1.38737 1876
1.38739 1877
1.38741 1879
1.38758 1880
1.38763 1882
1.38765 1884
1.38767 1885
1.38769 1887
1.39399 1358
1.39401 1399
1.39403 1405
1.39405 1412
1.39407 1419
1.39409 1452
1.39411 1465
1.39413 1467
1.39415 1472
1.39418 1476
1.39421 1486
1.39423 1493
1.39425 1500
1.39427 1503
1.39429 1504
1.39432 1517
1.39434 1526
1.3944 1529
1.39442 1531
1.39444 1532
1.39446 1534
1.39448 1537
1.39451 1539
1.39453 1543
1.39455 1545
1.39458 1550
1.3946 1557
1.39463 1561
1.39466 1562
1.39468 1574
1.39471 1581
1.39473 1582
1.39478 1585
1.39481 1587
1.39483 1598
1.39486 1601
1.39488 1603
1.3949 1615
1.39493 1623
1.39495 1626
1.39497 1636
1.395 1638
1.39505 1891
1.39507 1892
1.39518 1893
1.3952 1894
1.39522 1895
1.39524 1896
1.39526 1897
1.39528 1898
1.3953 1899
1.39533 1900
1.39535 1901
1.39538 1902
1.3954 1903
1.39543 1904
1.39545 1905
1.39548 1906
1.3955 1907
1.39552 1909
1.39556 1910
1.39558 1912
1.3956 1913
1.39562 1914
1.39565 1915
1.39567 1916
1.39569 1917
1.39571 1918
1.39573 1919
1.39575 1920
1.39578 1921
1.3958 1922
1.39582 1923
1.39584 1925
1.39586 1926
1.39589 1927
1.39591 1928
1.39594 1929
1.39596 1930
1.39598 1931
1.396 1932
1.39603 1933
1.39605 1934
1.39607 1936
1.39609 1937
1.39611 1939
1.39614 1940
1.39617 1941
1.40471 1412
1.40477 1419
1.40486 1465
1.40492 1467
1.40498 1472
1.40502 1476
1.40509 1493
1.40518 1500
1.40523 1503
1.40527 1504
1.40541 1526
1.40546 1531
1.40552 1532
1.40558 1534
1.40562 1537
1.40564 1539
1.40567 1543
1.4057 1545
1.40573 1550
1.40575 1557
1.40577 1561
1.40579 1562
1.40581 1574
1.40583 1581
1.40585 1582
1.40587 1583
1.40589 1598
1.40592 1601
1.40594 1615
1.40598 1626
1.406 1636
1.40602 1638
1.40605 1647
1.40607 1649
1.40609 1653
1.40611 1656
1.40613 1658
1.40616 1661
1.4062 1671
1.40622 1672
1.40624 1673
1.40626 1687
1.40628 1696
1.4063 1697
1.40632 1699
1.40634 1942
1.40636 1943
1.40639 1944
1.40642 1945
1.40644 1946
1.40646 1947
1.4065 1949
1.40652 1950
1.40654 1951
1.40656 1952
1.40658 1953
1.4066 1954
1.40662 1956
1.40665 1957
1.40667 1958
1.4067 1959
1.40672 1960
1.40674 1961
1.40678 1963
1.40681 1964
1.40683 1965
1.40685 1966
1.40688 1967
1.4069 1968
1.40692 1969
1.40694 1970
1.40699 1971
1.40701 1973
1.40704 1974
1.40707 1975
1.40711 1978
1.40713 1979
1.41566 1452
1.41568 1500
1.4157 1503
1.41572 1537
1.41574 1550
1.41577 1557
1.41579 1561
1.41582 1581
1.41586 1583
1.41588 1598
1.4159 1601
1.41593 1603
1.41595 1615
1.41597 1623
1.416 1626
1.41602 1636
1.41604 1638
1.41606 1647
1.41608 1649
1.4161 1653
1.41612 1661
1.41614 1666
1.41616 1672
1.41619 1673
1.41624 1687
1.41626 1688
1.41628 1692
1.41631 1696
1.41633 1697
1.41636 1699
1.41638 1980
1.4164 1981
1.41642 1982
1.41647 1984
1.41649 1985
1.41651 1986
1.41653 1987
1.41656 1988
1.41658 1989
1.41661 1990
1.41663 1991
1.41667 1993
1.41669 1994
1.41673 1995
1.41675 1996
1.41677 1997
1.41681 1998
1.41683 1999
1.41685 2000
1.41687 2001
1.4169 2002
1.41692 2003
1.41695 2005
1.41697 2006
1.41699 2007
1.41701 2008
1.41703 2010
1.41705 2011
1.41707 2012
1.41709 2013
1.41712 2014
1.41714 2016
1.41718 2018
1.4172 2019
1.41722 2020
1.41724 2021
1.41727 2022
1.41729 2023
1.41731 2024
1.41734 2027
1.41736 2028
1.41738 2029
1.4174 2030
1.41743 2031
1.41745 2032
1.41748 2033
1.4175 2034
1.4216 2035
1.42168 2036
1.4217 2037
1.42173 2038
1.42606 1574
1.42611 1581
1.42615 1582
1.4262 1583
1.42626 1585
1.42632 1587
1.42634 1598
1.42636 1601
1.42638 1603
1.42641 1615
1.42643 1623
1.42645 1626
1.42647 1636
1.4265 1638
1.42653 1647
1.42655 1653
1.42657 1656
1.42659 1661
1.42661 1666
1.42663 1671
1.42667 1673
1.42669 1678
1.42671 1687
1.42673 1688
1.42675 1692
1.42677 1699
1.42681 1709
1.42683 1713
1.42686 1714
1.42688 1715
1.42691 1716
1.42693 1717
1.42695 1724
1.42699 2041
1.42701 2043
1.42704 2045
1.42706 2046
1.4271 2049
1.42712 2050
1.42714 2051
1.42716 2053
1.42718 2054
1.4272 2055
1.42722 2058
1.42724 2059
1.42727 2060
1.42729 2061
1.42733 2063
1.42735 2064
1.42737 2065
1.42739 2066
1.42741 2067
1.42744 2068
1.42746 2069
1.42748 2070
1.4275 2071
1.42753 2072
1.42755 2073
1.42758 2074
1.4276 2075
1.42762 2076
1.42764 2077
1.42767 2078
1.42769 2079
1.42772 2080
1.42776 2082
1.42778 2083
1.42781 2084
1.42783 2085
1.42785 2086
1.42787 2087
1.42793 2090
1.42795 2091
1.42798 2092
1.428 2093
1.42802 2094
1.42804 2095
1.42806 2096
1.42811 2098
1.42815 2100
1.43744 1583
1.43751 1643
1.43757 1647
1.43759 1649
1.43761 1653
1.43771 1656
1.43776 1658
1.43778 1661
1.4378 1671
1.43782 1672
1.43784 1673
1.43795 1678
1.43803 1687
1.43807 1692
1.43813 1696
1.43817 1697
1.43995 1709
1.44002 1713
1.44004 1716
1.44006 1724
1.44008 1729
1.44012 1734
1.44015 1737
1.44017 1745
1.44019 1746
1.44023 1748
1.44025 1749
1.44027 1769
1.44029 1774
1.44032 1777
1.44034 1778
1.44036 1787
1.44038 1788
1.4404 2101
1.44042 2102
1.44045 2103
1.44047 2104
1.44049 2105
1.44051 2106
1.44054 2107
1.44057 2108
1.44059 2109
1.44061 2110
1.44063 2111
1.44066 2112
1.44069 2113
1.44071 2114
1.44073 2115
1.44075 2116
1.44077 2117
1.44079 2118
1.44082 2119
1.44087 2121
1.44089 2122
1.44094 2124
1.44096 2125
1.44098 2126
1.44101 2127
1.44103 2128
1.44105 2129
1.44107 2130
1.44109 2131
1.44111 2133
1.44113 2135
1.44116 2136
1.44118 2137
1.4412 2139
1.44122 2140
1.44124 2141
1.44127 2142
1.44129 2143
1.44131 2144
1.44133 2145
1.44135 2147
1.44138 2148
1.4414 2149
1.44142 2150
1.44144 2151
1.44146 2152
1.44148 2153
1.4415 2154
1.44153 2155
1.44155 2157
1.44158 2158
1.44927 1643
1.44929 1714
1.44934 1716
1.44937 1717
1.44939 1724
1.44942 1729
1.44945 1732
1.44947 1734
1.44949 1737
1.44951 1745
1.44953 1749
1.44959 1778
1.44962 1798
1.44964 1801
1.44966 1818
1.44971 1821
1.44973 1825
1.44977 1826
1.44979 1841
1.44981 1851
1.44983 1854
1.44985 1855
1.44988 1857
1.4499 2160
1.44993 2161
1.44995 2162
1.44997 2163
1.45003 2166
1.45005 2167
1.45007 2168
1.45009 2169
1.45011 2170
1.45013 2171
1.45016 2172
1.45018 2173
1.4502 2174
1.45022 2175
1.45024 2176
1.45026 2177
1.45028 2178
1.4503 2180
1.45032 2181
1.45034 2182
1.45036 2183
1.45039 2184
1.45041 2185
1.45044 2186
1.45046 2187
1.45051 2189
1.45053 2190
1.45055 2191
1.45057 2192
1.4506 2193
1.45063 2194
1.45065 2195
1.45071 2198
1.45073 2199
1.45075 2201
1.45079 2204
1.45081 2205
1.45084 2206
1.45086 2207
1.45088 2208
1.45294 2211
1.45299 2212
1.45301 2213
1.45303 2214
1.45305 2215
1.45307 2216
1.4531 2217
1.45312 2218
1.45314 2220
1.45945 1643
1.4595 1729
1.45954 1732
1.4596 1734
1.45975 1737
1.45977 1745
1.45979 1746
1.45982 1747
1.46245 1748
1.46252 1769
1.46257 1774
1.46261 1777
1.46267 1778
1.46274 1787
1.46281 1788
1.46282 1798
1.46284 1801
1.46286 1814
1.46289 1818
1.46291 1825
1.46293 1826
1.46296 1841
1.46298 1851
1.46302 1867
1.46304 1869
1.46307 1870
1.46309 1878
1.46312 1886
1.46315 1888
1.46317 1889
1.46321 1890
1.46324 1908
1.46326 2221
1.46328 2222
1.4633 2223
1.46332 2224
1.46334 2225
1.46336 2226
1.46338 2227
1.4634 2228
1.46343 2229
1.46346 2230
1.46349 2231
1.46351 2232
1.46353 2233
1.46355 2234
1.46362 2237
1.46365 2238
1.46367 2239
1.46369 2240
1.46372 2242
1.46375 2243
1.4638 2245
1.46383 2247
1.46386 2248
1.46389 2250
1.46393 2252
1.46396 2254
1.46398 2256
1.464 2258
1.46402 2260
1.46404 2262
1.46406 2263
1.46408 2264
1.46411 2266
1.46412 2267
1.46415 2269
1.4642 2271
1.46421 2272
1.46424 2273
1.46426 2274
1.46429 2275
1.46433 2277
1.47138 1747
1.47142 1798
1.47146 1801
1.47154 1814
1.47162 1818
1.47164 1820
1.47173 1821
1.47177 1826
1.47181 1841
1.47183 1842
1.47186 1851
1.47189 1854
1.47191 1855
1.47193 1857
1.47198 1867
1.47202 1870
1.47204 1872
1.47206 1878
1.47209 1881
1.47212 1883
1.47218 1888
1.4722 1889
1.47229 1924
1.47232 1935
1.47234 1948
1.47236 1955
1.47238 1962
1.47241 1972
1.47243 2278
1.47245 2279
1.47247 2280
1.47249 2281
1.47251 2282
1.47253 2283
1.47255 2284
1.47258 2285
1.4726 2286
1.47263 2287
1.47265 2288
1.47268 2289
1.47271 2290
1.47273 2291
1.47275 2292
1.47277 2293
1.4728 2294
1.47282 2295
1.47284 2296
1.47288 2298
1.47291 2299
1.47294 2301
1.47296 2302
1.47298 2303
1.473 2304
1.47304 2307
1.47306 2308
1.47309 2309
1.47314 2311
1.47316 2313
1.47318 2314
1.47321 2316
1.47323 2317
1.47325 2318
1.47327 2320
1.47329 2321
1.47333 2322
1.47334 2323
1.47337 2324
1.47339 2325
1.47341 2326
1.47347 2328
1.47349 2329
1.47352 2330
1.47355 2331
1.47357 2332
1.47359 2333
1.47361 2334
1.47363 2336
1.47409 2337
1.47416 2340
1.48197 1747
1.48199 1820
1.48201 1842
1.48203 1852
1.48205 1867
1.48209 1870
1.48211 1872
1.48214 1878
1.48216 1886
1.48219 1888
1.48221 1908
1.48223 1911
1.48225 1924
1.48227 1935
1.4823 1938
1.48232 1948
1.48234 1955
1.48237 1962
1.48239 1972
1.48241 1976
1.48246 1983
1.48248 1992
1.4825 2004
1.48253 2009
1.48255 2015
1.48469 2017
1.48474 2025
1.48479 2026
1.48483 2039
1.48489 2040
1.48495 2342
1.48499 2343
1.48504 2344
1.48508 2345
1.48514 2346
1.48519 2347
1.48527 2348
1.48534 2349
1.48539 2350
1.48544 2351
1.48545 2352
1.48558 2355
1.48563 2356
1.4857 2358
1.48575 2360
1.48579 2361
1.48588 2363
1.4859 2364
1.48593 2365
1.48595 2366
1.48597 2367
1.486 2368
1.48602 2369
1.48606 2371
1.48609 2373
1.48612 2374
1.48614 2375
1.48616 2376
1.48622 2378
1.48624 2379
1.48626 2381
1.48628 2382
1.4863 2383
1.48632 2384
1.48636 2386
1.48638 2388
1.4864 2390
1.48642 2391
1.48645 2392
1.48647 2393
1.4865 2394
1.48654 2396
1.48656 2397
1.48658 2398
1.4866 2399
1.48664 2402
1.4939 1814
1.49395 1820
1.494 1842
1.49405 1867
1.49407 1870
1.49409 1872
1.49411 1878
1.49513 1881
1.49515 1883
1.49518 1886
1.49521 1888
1.49523 1889
1.49527 1908
1.49532 1924
1.49534 1935
1.49552 1948
1.49554 1955
1.49559 1972
1.4956 1976
1.49563 1977
1.49565 1983
1.49567 1992
1.49569 2004
1.49571 2009
1.49573 2015
1.49576 2025
1.49578 2026
1.4958 2039
1.49583 2042
1.49586 2044
1.49589 2047
1.49591 2048
1.49593 2052
1.49596 2056
1.496 2062
1.49602 2081
1.49605 2088
1.49607 2089
1.49609 2097
1.49613 2099
1.49615 2403
1.49617 2404
1.49619 2406
1.49621 2407
1.49623 2408
1.49626 2409
1.49628 2410
1.49631 2411
1.49635 2413
1.49637 2414
1.4964 2415
1.49642 2416
1.49646 2419
1.49648 2421
1.4965 2422
1.49655 2424
1.49658 2425
1.4966 2426
1.49662 2427
1.49664 2428
1.49666 2430
1.49668 2432
1.4967 2434
1.49672 2435
1.49675 2436
1.49677 2437
1.49679 2438
1.49681 2439
1.49683 2440
1.49688 2442
1.4969 2443
1.49693 2444
1.49696 2445
1.49698 2446
1.49701 2447
1.49703 2449
1.49705 2450
1.49707 2451
1.50447 1852
1.50452 1911
1.50457 1938
1.50461 1976
1.50463 1977
1.50465 1983
1.50468 1992
1.5047 2009
1.50472 2015
1.50474 2017
1.50478 2026
1.5048 2039
1.50482 2040
1.50484 2042
1.5049 2047
1.50492 2048
1.50495 2052
1.50497 2056
1.50501 2062
1.50503 2081
1.50505 2088
1.50508 2097
1.50512 2099
1.50515 2454
1.50517 2455
1.50519 2456
1.50521 2458
1.50523 2459
1.50526 2460
1.50528 2461
1.5053 2462
1.50532 2463
1.50537 2464
1.50613 2465
1.50618 2466
1.50623 2468
1.5063 2469
1.50635 2470
1.50639 2471
1.50646 2472
1.50651 2473
1.50655 2474
1.50657 2475
1.50659 2476
1.50661 2477
1.50664 2478
1.50668 2480
1.5067 2481
1.50674 2482
1.50677 2483
1.50679 2484
1.50681 2487
1.50683 2488
1.50688 2490
1.50691 2492
1.50693 2493
1.50695 2494
1.50698 2495
1.50702 2497
1.50706 2500
1.50708 2501
1.5071 2502
1.50713 2503
1.5072 2506
1.50722 2507
1.50724 2508
1.50727 2509
1.50731 2511
1.50733 2512
1.50735 2513
1.50737 2514
1.50739 2515
1.50743 2516
1.50745 2517
1.50749 2519
1.50751 2520
1.50754 2521
1.50756 2522
1.50758 2523
1.5076 2524
1.50762 2525
1.51612 1977
1.51616 2042
1.51621 2044
1.51626 2048
1.51628 2052
1.5163 2056
1.51632 2057
1.51634 2081
1.51636 2088
1.51638 2089
1.51641 2097
1.51643 2099
1.51672 2120
1.51677 2123
1.51679 2132
1.51681 2134
1.51683 2138
1.51688 2156
1.5169 2159
1.51693 2526
1.51696 2528
1.51699 2530
1.51701 2532
1.51704 2533
1.51706 2534
1.51708 2535
1.5171 2536
1.51712 2537
1.51767 2540
1.51772 2541
1.51776 2542
1.51784 2544
1.5179 2545
1.51799 2546
1.51801 2548
1.51805 2551
1.51807 2552
1.51809 2554
1.51811 2556
1.51814 2557
1.51818 2559
1.5182 2560
1.51822 2561
1.51825 2562
1.51828 2563
1.5183 2566
1.51832 2567
1.51834 2568
1.51836 2569
1.51841 2570
1.51845 2572
1.51849 2574
1.51854 2576
1.51856 2577
1.51859 2578
1.51861 2579
1.51867 2581
1.51871 2583
1.51873 2584
1.51876 2585
1.51878 2586
1.51881 2587
1.51883 2589
1.51888 2591
1.5189 2592
1.51892 2593
1.51895 2594
1.51898 2595
1.519 2596
1.51902 2597
1.51904 2598
1.51906 2599
1.51908 2600
1.5191 2601
1.52761 2057
1.52769 2123
1.52776 2138
1.52785 2156
1.5279 2159
1.52797 2165
1.52802 2179
1.52807 2196
1.52815 2197
1.5282 2200
1.52824 2202
1.52828 2203
1.52834 2209
1.52839 2210
1.52844 2219
1.52848 2604
1.52853 2605
1.52857 2606
1.52863 2607
1.52867 2609
1.52869 2610
1.52871 2611
1.52873 2612
1.52875 2613
1.52878 2614
1.52881 2615
1.52884 2616
1.52886 2617
1.52889 2618
1.52892 2619
1.52893 2620
1.52896 2623
1.52898 2625
1.52903 2627
1.52905 2628
1.5291 2630
1.52973 2631
1.52978 2632
1.52983 2633
1.52989 2635
1.52991 2636
1.52993 2637
1.52995 2638
1.52999 2639
1.53001 2640
1.53005 2642
1.53007 2643
1.53009 2644
1.53011 2645
1.53017 2647
1.53019 2649
1.53021 2651
1.53024 2653
1.53028 2655
1.53031 2657
1.53035 2658
1.53037 2659
1.5304 2660
1.53043 2662
1.53046 2663
1.5305 2666
1.53055 2669
1.53058 2670
1.5306 2671
1.53062 2672
1.53065 2673
1.53067 2674
1.53069 2676
1.53071 2677
1.53073 2678
1.53075 2680
1.53077 2681
1.53079 2682
1.53709 2057
1.53715 2120
1.53721 2123
1.53728 2138
1.5373 2146
1.53738 2156
1.53742 2159
1.53747 2164
1.53754 2165
1.53759 2179
1.53761 2188
1.53763 2196
1.53765 2197
1.53767 2202
1.5377 2203
1.53772 2209
1.53774 2210
1.53777 2219
1.53779 2235
1.53781 2236
1.53841 2241
1.53852 2246
1.53857 2249
1.53861 2253
1.53866 2255
1.53871 2259
1.53877 2261
1.53881 2265
1.5389 2276
1.53897 2685
1.53906 2686
1.53914 2689
1.53918 2690
1.53923 2691
1.53928 2692
1.53933 2694
1.53941 2695
1.53943 2696
1.53945 2697
1.53947 2698
1.53949 2699
1.53951 2702
1.53953 2703
1.53955 2704
1.53958 2705
1.5396 2707
1.53963 2708
1.53965 2709
1.53967 2710
1.53969 2712
1.53972 2713
1.53974 2714
1.53976 2716
1.5421 2719
1.54216 2722
1.54218 2723
1.54222 2727
1.54224 2728
1.54226 2729
1.54228 2730
1.5423 2731
1.54233 2732
1.54235 2733
1.54237 2734
1.54239 2735
1.54241 2736
1.54312 2738
1.54317 2739
1.54325 2740
1.54329 2741
1.54333 2742
1.54335 2743
1.54343 2744
1.54351 2745
1.55028 2146
1.55033 2164
1.55038 2165
1.55046 2188
1.55051 2196
1.55053 2197
1.55061 2200
1.55065 2202
1.55071 2203
1.55083 2209
1.55089 2210
1.55091 2219
1.55104 2236
1.55108 2241
1.55113 2246
1.55118 2249
1.5512 2251
1.55122 2253
1.55125 2257
1.55127 2259
1.5513 2261
1.55132 2265
1.55134 2268
1.55136 2270
1.55138 2276
1.5514 2297
1.55145 2306
1.55147 2310
1.55149 2312
1.55151 2315
1.55154 2319
1.55156 2327
1.55158 2335
1.5516 2338
1.55162 2339
1.55166 2353
1.55168 2354
1.55174 2359
1.55177 2362
1.55179 2747
1.55181 2748
1.55183 2749
1.55185 2750
1.55188 2751
1.5519 2753
1.55192 2754
1.55194 2755
1.55197 2757
1.55199 2758
1.55354 2759
1.55363 2760
1.55367 2761
1.55372 2763
1.55377 2764
1.55382 2765
1.55388 2766
1.5539 2767
1.55392 2768
1.55396 2770
1.55398 2772
1.554 2773
1.55403 2774
1.55405 2775
1.55407 2776
1.55409 2777
1.55411 2778
1.55413 2779
1.55415 2781
1.55417 2782
1.55422 2785
1.55424 2786
1.55427 2787
1.55429 2788
1.55431 2789
1.55438 2791
1.55442 2793
1.55444 2794
1.55446 2795
1.55451 2797
1.55453 2798
1.55954 2164
1.5596 2188
1.55966 2235
1.5597 2241
1.55972 2244
1.55974 2246
1.55976 2249
1.55978 2251
1.5598 2253
1.55982 2255
1.55985 2257
1.55987 2259
1.5599 2261
1.55997 2270
1.55999 2276
1.56002 2297
1.56004 2300
1.56006 2305
1.56025 2310
1.5603 2312
1.56032 2319
1.56034 2327
1.56036 2335
1.56039 2338
1.56044 2341
1.56048 2354
1.5605 2357
1.56052 2359
1.56055 2362
1.56057 2370
1.56059 2372
1.56063 2385
1.56066 2389
1.56069 2395
1.56072 2400
1.56077 2417
1.56082 2423
1.56084 2429
1.56086 2431
1.56088 2433
1.56091 2799
1.56093 2801
1.56095 2802
1.56098 2803
1.56101 2804
1.56106 2806
1.56108 2807
1.5611 2808
1.56112 2809
1.56114 2810
1.56116 2811
1.56118 2812
1.5612 2814
1.56122 2816
1.56124 2817
1.56126 2818
1.56128 2819
1.5613 2820
1.56135 2822
1.56137 2823
1.56139 2824
1.56142 2825
1.56144 2826
1.56146 2827
1.56149 2828
1.56151 2829
1.56153 2830
1.56155 2831
1.56158 2832
1.5616 2833
1.56164 2835
1.56169 2837
1.56171 2841
1.57289 2244
1.573 2251
1.57305 2257
1.5731 2268
1.57314 2270
1.57316 2297
1.57319 2300
1.57322 2306
1.57324 2310
1.57326 2312
1.57328 2315
1.5733 2327
1.57332 2335
1.57334 2338
1.57337 2339
1.57339 2341
1.57341 2354
1.57344 2357
1.57346 2359
1.57348 2362
1.5735 2370
1.57352 2372
1.57355 2377
1.57356 2380
1.57359 2385
1.57361 2387
1.57364 2389
1.57366 2395
1.57368 2400
1.5737 2401
1.57373 2412
1.57375 2418
1.57377 2420
1.5738 2423
1.57384 2431
1.57386 2433
1.57388 2452
1.5739 2453
1.57393 2457
1.57395 2479
1.57397 2485
1.57568 2486
1.5757 2489
1.57572 2491
1.57575 2496
1.57577 2499
1.57579 2504
1.57581 2505
1.57584 2518
1.57587 2527
1.57589 2529
1.57592 2531
1.57594 2842
1.57596 2843
1.57599 2844
1.57601 2845
1.57603 2847
1.57606 2848
1.57608 2849
1.5761 2850
1.57612 2852
1.57615 2853
1.57617 2855
1.57619 2857
1.57621 2858
1.57623 2859
1.57625 2860
1.57627 2862
1.57629 2863
1.57631 2864
1.57634 2865
1.57636 2867
1.57638 2868
1.57641 2869
1.57643 2870
1.57645 2871
1.57647 2872
1.57649 2873
1.57651 2874
1.57653 2875
1.57655 2876
1.57657 2877
1.5766 2878
1.58238 2244
1.5824 2300
1.58242 2305
1.58244 2341
1.58251 2372
1.58254 2380
1.58256 2385
1.58258 2387
1.58261 2389
1.58263 2395
1.58267 2401
1.58269 2405
1.58271 2412
1.58273 2417
1.58275 2418
1.58277 2420
1.5828 2423
1.58283 2429
1.58285 2431
1.58288 2448
1.5829 2452
1.58292 2453
1.58294 2457
1.58296 2467
1.58298 2479
1.583 2485
1.58302 2486
1.58304 2489
1.58306 2491
1.58308 2498
1.5831 2499
1.58315 2505
1.58317 2510
1.5832 2518
1.58322 2527
1.58325 2529
1.58328 2531
1.5833 2538
1.58333 2539
1.58335 2543
1.58337 2547
1.5834 2549
1.58342 2550
1.58344 2553
1.58347 2555
1.58349 2564
1.58352 2565
1.58355 2571
1.58358 2573
1.5836 2575
1.58362 2580
1.58364 2582
1.58366 2588
1.58368 2590
1.58371 2602
1.58373 2603
1.58375 2879
1.58378 2880
1.58634 2881
1.5864 2883
1.58645 2884
1.5865 2885
1.58656 2886
1.58668 2888
1.58672 2889
1.58674 2890
1.58683 2891
1.5869 2894
1.58692 2896
1.58702 2897
1.58709 2899
1.58715 2900
1.58719 2901
1.58724 2902
1.58729 2903
1.58734 2904
1.5874 2905
1.58745 2906
1.5875 2908
1.58752 2909
1.58756 2911
1.58758 2912
1.5876 2913
1.59383 2377
1.59388 2380
1.59397 2387
1.59401 2401
1.59405 2405
1.5941 2418
1.59415 2420
1.5942 2448
1.59425 2452
1.59427 2453
1.59429 2457
1.59431 2467
1.59433 2479
1.59435 2485
1.5944 2486
1.59442 2489
1.59445 2496
1.59447 2498
1.59449 2499
1.59451 2505
1.59453 2510
1.59456 2527
1.59458 2529
1.59475 2538
1.59478 2539
1.5948 2543
1.59483 2550
1.59485 2553
1.59487 2555
1.5949 2558
1.59492 2564
1.59497 2571
1.59499 2575
1.59501 2580
1.59504 2582
1.59507 2588
1.59511 2602
1.59513 2603
1.59515 2608
1.59518 2621
1.5952 2622
1.59522 2624
1.59524 2626
1.59526 2629
1.59532 2641
1.59535 2648
1.59537 2650
1.5954 2652
1.59542 2654
1.59544 2661
1.59546 2914
1.5955 2915
1.59552 2916
1.59555 2917
1.59557 2919
1.59568 2920
1.59571 2921
1.59576 2922
1.59579 2923
1.59581 2924
1.59583 2925
1.59585 2926
1.59587 2927
1.59589 2928
1.59591 2929
1.59593 2930
1.59595 2931
1.59597 2933
1.59599 2934
1.59602 2935
1.59605 2936
1.59606 2937
1.59608 2938
1.59611 2939
1.59613 2940
1.59616 2941
1.59618 2943
1.5962 2945
1.59624 2948
1.60403 2405
1.60407 2448
1.60409 2467
1.60411 2489
1.60413 2491
1.60415 2496
1.60419 2499
1.60421 2504
1.60424 2510
1.60428 2529
1.60487 2539
1.6049 2543
1.60492 2547
1.60494 2549
1.60496 2550
1.60498 2553
1.605 2555
1.60502 2564
1.60505 2575
1.60507 2580
1.60509 2582
1.60514 2590
1.60517 2602
1.60519 2603
1.60521 2608
1.60523 2622
1.60525 2624
1.60529 2629
1.60531 2634
1.60533 2646
1.60536 2648
1.60538 2650
1.60541 2652
1.60543 2656
1.60546 2661
1.60548 2664
1.6055 2665
1.60553 2667
1.60555 2668
1.60557 2675
1.6056 2679
1.60564 2683
1.60566 2684
1.60569 2687
1.60572 2688
1.60574 2693
1.60576 2700
1.60578 2706
1.60581 2711
1.60586 2717
1.60588 2720
1.6059 2721
1.60592 2724
1.60594 2949
1.60597 2950
1.60602 2952
1.60604 2954
1.60609 2957
1.60611 2958
1.60613 2959
1.60615 2960
1.60617 2962
1.60619 2963
1.60622 2964
1.60624 2965
1.60627 2966
1.60629 2967
1.60632 2968
1.60634 2969
1.60636 2970
1.60638 2971
1.60641 2973
1.60644 2974
1.60646 2975
1.61646 2441
1.61655 2558
1.61661 2608
1.61666 2621
1.61676 2622
1.61681 2626
1.6169 2634
1.61695 2641
1.61699 2648
1.61709 2654
1.61713 2656
1.61719 2661
1.61723 2667
1.61725 2668
1.61727 2675
1.61729 2679
1.61731 2684
1.61733 2687
1.61736 2688
1.61738 2693
1.6174 2700
1.61745 2706
1.61747 2711
1.61749 2715
1.61751 2717
1.61754 2718
1.61757 2720
1.61759 2721
1.61761 2724
1.61764 2725
1.61766 2737
1.61768 2746
1.61773 2756
1.61774 2762
1.61777 2769
1.61779 2771
1.61781 2780
1.61783 2976
1.61786 2977
1.61789 2978
1.61791 2979
1.61796 2981
1.61798 2982
1.618 2983
1.61803 2985
1.61806 2986
1.61808 2987
1.6181 2988
1.61812 2989
1.61817 2991
1.6182 2992
1.61822 2993
1.61824 2994
1.61826 2995
1.61831 2997
1.61836 2999
1.61838 3000
1.6184 3001
1.61843 3002
1.61846 3003
1.61849 3004
1.61851 3005
1.61853 3006
1.61855 3007
1.61857 3008
1.6186 3009
1.61864 3012
1.61867 3013
1.6187 3014
1.61872 3015
1.61874 3016
1.61879 3018
1.61882 3019
1.61884 3020
1.61888 3022
1.61891 3023
1.61893 3024
1.61995 3025
1.62934 2441
1.62939 2634
1.62944 2646
1.62953 2656
1.62959 2665
1.62964 2667
1.62969 2668
1.62974 2675
1.62975 2679
1.62978 2683
1.62985 2684
1.62993 2687
1.62999 2688
1.63003 2700
1.63005 2701
1.63007 2706
1.63009 2711
1.63011 2715
1.63015 2718
1.6302 2721
1.63022 2724
1.63024 2725
1.63027 2726
1.63029 2737
1.63032 2746
1.63034 2752
1.63037 2756
1.6304 2769
1.63046 2783
1.63049 2784
1.63051 2792
1.63053 2796
1.63055 2800
1.63057 2805
1.63059 2813
1.63061 2815
1.63064 3027
1.63066 3028
1.63069 3030
1.63071 3031
1.63073 3032
1.63076 3034
1.63078 3035
1.6308 3037
1.63083 3038
1.63085 3039
1.63088 3041
1.6309 3042
1.63094 3043
1.63096 3044
1.63098 3046
1.631 3047
1.63102 3048
1.63105 3049
1.63108 3050
1.6311 3051
1.63113 3052
1.63115 3053
1.63117 3054
1.63121 3056
1.63124 3058
1.63127 3059
1.63131 3062
1.63133 3063
1.63135 3064
1.63137 3065
1.63141 3066
1.63144 3067
1.63146 3068
1.63148 3069
1.6315 3070
1.63152 3071
1.63154 3072
1.63156 3073
1.63158 3074
1.6316 3075
1.63163 3076
1.63166 3077
1.63169 3078
1.63171 3079
1.63174 3080
1.63176 3081
1.63179 3082
1.63755 2441
1.63761 2634
1.63765 2646
1.63774 2656
1.63779 2664
1.63787 2665
1.63793 2667
1.63798 2675
1.63804 2679
1.63806 2683
1.63875 2684
1.63879 2687
1.63992 2688
1.63997 2693
1.63999 2700
1.64003 2706
1.64005 2711
1.64007 2715
1.6401 2718
1.64031 2720
1.64042 2726
1.64044 2737
1.64046 2746
1.64048 2752
1.6405 2756
1.64052 2762
1.64054 2769
1.64057 2771
1.64059 2780
1.64061 2783
1.64091 2790
1.64095 2792
1.641 2796
1.64106 2800
1.64108 2805
1.64116 2813
1.64122 2815
1.64128 2821
1.64133 2834
1.64138 2836
1.64142 2838
1.64147 2839
1.64149 2840
1.64151 2846
1.64153 2851
1.64155 2854
1.64158 2856
1.64176 2861
1.64183 2866
1.64185 3083
1.64193 3085
1.64195 3086
1.6421 3087
1.64221 3088
1.64226 3089
1.64231 3090
1.64239 3093
1.64244 3094
1.64249 3095
1.64256 3098
1.64263 3100
1.64265 3101
1.64267 3102
1.64268 3103
1.64271 3104
1.64273 3105
1.64276 3106
1.64279 3107
1.64281 3108
1.64283 3109
1.64285 3110
1.64288 3111
1.6429 3112
1.64292 3113
1.64295 3114
1.64297 3115
1.64354 3116
1.64359 3117
1.64365 3118
1.64372 3119
1.64379 3120
1.64385 3121
1.64392 3122
1.64394 3123
1.64405 3125
1.6441 3126
1.64839 2715
1.64986 2718
1.64995 2725
1.65005 2726
1.65013 2746
1.65017 2752
1.65019 2756
1.65022 2762
1.65024 2769
1.65026 2771
1.65028 2784
1.65032 2796
1.65055 2800
1.6506 2813
1.65067 2815
1.65072 2821
1.65077 2834
1.65083 2836
1.65085 2838
1.65088 2839
1.6509 2840
1.65095 2851
1.65097 2854
1.65099 2856
1.65108 2861
1.6511 2866
1.65112 3127
1.65114 3128
1.65116 3129
1.65118 3130
1.65121 3131
1.65125 3134
1.65127 3135
1.65131 3137
1.65134 3138
1.65136 3139
1.65138 3140
1.6514 3141
1.65142 3142
1.65145 3143
1.65147 3145
1.6515 3146
1.65153 3147
1.65155 3148
1.65157 3149
1.65164 3152
1.65166 3153
1.65168 3154
1.65171 3155
1.65173 3156
1.65175 3157
1.65178 3159
1.6518 3160
1.65182 3161
1.65185 3163
1.65187 3164
1.6519 3165
1.65192 3166
1.65194 3167
1.65197 3168
1.65199 3169
1.65202 3170
1.65204 3171
1.65206 3172
1.65349 3174
1.65352 3176
1.65354 3177
1.65358 3179
1.6536 3181
1.65364 3182
1.65366 3183
1.65368 3184
1.6537 3185
1.65372 3186
1.65375 3187
1.65377 3189
1.65383 3192
1.65947 2726
1.65954 2752
1.65959 2783
1.65963 2784
1.65965 2792
1.65967 2796
1.65972 2815
1.65974 2821
1.65976 2834
1.65978 2836
1.65981 2838
1.65983 2839
1.65986 2851
1.65988 2854
1.65993 2866
1.65995 2882
1.65997 2892
1.65999 2898
1.66003 3194
1.66008 3196
1.6601 3197
1.66016 3199
1.66018 3201
1.6602 3202
1.66022 3203
1.66024 3204
1.66027 3205
1.66029 3206
1.66032 3207
1.66034 3208
1.66036 3210
1.66039 3211
1.66041 3213
1.66043 3215
1.66045 3216
1.66047 3217
1.66049 3218
1.66051 3219
1.66055 3221
1.66057 3222
1.66059 3223
1.66061 3224
1.66064 3225
1.66066 3226
1.66068 3227
1.6607 3228
1.66072 3229
1.66074 3230
1.66078 3231
1.66082 3233
1.66086 3236
1.66088 3237
1.6609 3238
1.66092 3239
1.66097 3241
1.66099 3242
1.66101 3243
1.66104 3244
1.66106 3245
1.66108 3246
1.6611 3247
1.66112 3249
1.66115 3250
1.66117 3251
1.66119 3252
1.66121 3253
1.66124 3254
1.66128 3256
1.6613 3257
1.66132 3258
1.66135 3259
1.66137 3261
1.66139 3262
1.67078 2882
1.67085 2887
1.67087 2892
1.67089 2893
1.67091 2895
1.67093 2907
1.67096 2910
1.67098 2918
1.67271 2932
1.67273 2942
1.67275 2944
1.67277 2946
1.67279 2947
1.67282 2951
1.67284 2953
1.67287 2955
1.67289 2956
1.67291 2961
1.67293 3263
1.67295 3264
1.67297 3265
1.67302 3268
1.67304 3269
1.67306 3270
1.67308 3271
1.6731 3272
1.67313 3273
1.67315 3274
1.67318 3275
1.6732 3276
1.67322 3277
1.67327 3279
1.67329 3280
1.67331 3282
1.67333 3283
1.67336 3284
1.67338 3285
1.6734 3286
1.67342 3287
1.67345 3288
1.67347 3289
1.6735 3290
1.67353 3291
1.67355 3292
1.67358 3293
1.6736 3294
1.67363 3295
1.67365 3296
1.67367 3297
1.67369 3299
1.67372 3300
1.67375 3301
1.67379 3303
1.6738 3304
1.67383 3305
1.67386 3307
1.67389 3308
1.67391 3309
1.67393 3310
1.67395 3311
1.67398 3312
1.674 3313
1.67402 3315
1.67404 3316
1.67407 3317
1.67409 3318
1.67412 3319
1.67414 3321
1.67416 3322
1.67424 3325
1.67426 3326
1.67428 3327
1.6743 3328
1.67433 3329
1.67436 3330
1.67438 3331
1.6744 3332
1.67442 3333
1.67444 3334
1.67446 3335
1.67449 3336
1.67453 3338
1.67455 3339
1.67457 3340
1.67459 3341
1.67461 3343
1.68371 2882
1.68374 2887
1.68376 2892
1.68378 2893
1.6838 2895
1.68382 2907
1.68385 2910
1.68387 2918
1.6839 2932
1.68392 2942
1.68394 2944
1.68399 2955
1.68401 2956
1.68403 2961
1.68406 2972
1.68408 2980
1.6841 2984
1.68412 2990
1.68415 3344
1.68417 3345
1.68428 3346
1.68459 3348
1.68462 3349
1.68464 3350
1.68466 3351
1.68469 3352
1.68471 3353
1.68473 3356
1.68475 3357
1.68477 3358
1.68479 3359
1.68482 3360
1.68485 3361
1.68487 3362
1.68492 3363
1.68495 3364
1.68497 3365
1.68499 3366
1.68501 3367
1.68504 3368
1.68506 3369
1.68508 3370
1.6851 3371
1.68513 3372
1.68515 3373
1.68517 3374
1.68522 3375
1.68524 3376
1.68529 3378
1.68533 3380
1.68536 3381
1.68538 3382
1.6854 3383
1.68542 3385
1.68544 3386
1.68546 3387
1.68548 3388
1.6855 3389
1.68552 3390
1.68554 3391
1.68556 3392
1.68558 3393
1.6856 3394
1.68563 3395
1.68564 3396
1.68569 3399
1.68571 3400
1.68574 3401
1.68576 3402
1.68578 3403
1.68584 3406
1.68586 3407
1.68589 3408
1.68591 3409
1.68594 3410
1.68596 3411
1.68598 3412
1.68603 3414
1.68605 3415
1.68607 3416
1.68609 3417
1.68612 3418
1.68614 3419
1.69333 2887
1.69343 2893
1.6935 2895
1.69352 2907
1.69354 2910
1.69356 2918
1.69389 2932
1.69394 2942
1.69402 2944
1.6941 2947
1.69418 2953
1.6942 2955
1.69422 2956
1.69424 2961
1.69426 2980
1.69428 2984
1.6943 2990
1.69435 2996
1.69619 2998
1.69624 3010
1.6963 3011
1.69643 3017
1.69645 3021
1.69647 3029
1.69649 3036
1.69651 3040
1.69669 3055
1.6968 3421
1.69684 3422
1.69686 3423
1.69688 3424
1.6969 3425
1.69692 3426
1.69694 3428
1.69696 3429
1.69699 3430
1.69701 3431
1.69703 3432
1.69705 3433
1.69707 3434
1.6971 3435
1.69712 3436
1.69716 3438
1.69718 3439
1.69721 3441
1.69722 3442
1.69725 3444
1.69728 3445
1.6973 3446
1.69733 3447
1.69735 3448
1.69738 3449
1.69742 3453
1.69744 3454
1.6975 3456
1.69752 3457
1.69754 3458
1.69761 3461
1.69763 3462
1.69765 3463
1.69768 3465
1.6977 3466
1.69773 3467
1.69775 3468
1.69777 3469
1.6978 3470
1.69784 3472
1.69787 3473
1.69789 3474
1.69791 3475
1.69793 3476
1.69796 3477
1.69798 3479
1.698 3480
1.69803 3481
1.69806 3482
1.69809 3483
1.69811 3484
1.70434 2972
1.70435 2980
1.70438 2990
1.7044 2996
1.70442 2998
1.70444 3010
1.70446 3011
1.70448 3017
1.70451 3021
1.70517 3029
1.7052 3033
1.70522 3040
1.70524 3045
1.70535 3055
1.70537 3057
1.70539 3060
1.70541 3061
1.70543 3084
1.70547 3091
1.70549 3097
1.70551 3099
1.70554 3124
1.70556 3133
1.70559 3136
1.70562 3144
1.70564 3485
1.70568 3487
1.7057 3488
1.70572 3489
1.70575 3490
1.70577 3491
1.70579 3492
1.70582 3493
1.70587 3495
1.70589 3497
1.70591 3498
1.70593 3499
1.70595 3500
1.70597 3501
1.70599 3503
1.70601 3504
1.70603 3505
1.70606 3508
1.70609 3509
1.70611 3510
1.70613 3511
1.70615 3512
1.70617 3514
1.70619 3515
1.70621 3517
1.70623 3518
1.70625 3520
1.70627 3521
1.7063 3522
1.70633 3523
1.70636 3524
1.70638 3525
1.70641 3527
1.70644 3529
1.70647 3530
1.70649 3531
1.70651 3532
1.70653 3533
1.70656 3534
1.70659 3536
1.70662 3537
1.70664 3538
1.70667 3539
1.70669 3541
1.70671 3542
1.70674 3543
1.70676 3544
1.70678 3545
1.70682 3547
1.70684 3548
1.70686 3549
1.70688 3550
1.70691 3551
1.70693 3552
1.70695 3553
1.71668 2996
1.71702 3010
1.71707 3011
1.71712 3017
1.71718 3021
1.71722 3026
1.71726 3029
1.7173 3033
1.7174 3036
1.71747 3045
1.71755 3057
1.7176 3060
1.71765 3061
1.71776 3084
1.71781 3091
1.71795 3099
1.718 3124
1.71806 3132
1.71811 3136
1.71816 3144
1.71818 3150
1.71826 3151
1.71832 3162
1.71839 3173
1.71848 3175
1.71854 3178
1.71859 3180
1.71871 3188
1.71876 3191
1.72002 3195
1.72008 3198
1.72012 3209
1.72017 3212
1.72019 3214
1.72022 3554
1.72024 3555
1.72027 3557
1.72029 3558
1.72032 3559
1.72034 3560
1.72036 3561
1.72038 3562
1.72041 3563
1.72043 3564
1.72045 3565
1.72047 3566
1.72049 3567
1.72056 3571
1.72058 3572
1.7206 3573
1.72063 3574
1.72068 3575
1.72122 3576
1.72124 3577
1.72126 3578
1.72128 3579
1.7213 3580
1.72132 3581
1.72134 3582
1.72136 3584
1.72179 3585
1.72183 3586
1.7219 3587
1.72195 3588
1.72199 3589
1.72205 3590
1.72209 3592
1.72214 3594
1.72219 3595
1.72225 3597
1.7223 3598
1.72235 3599
1.72237 3600
1.72239 3601
1.72241 3602
1.72243 3603
1.72245 3604
1.72247 3605
1.72249 3606
1.72252 3607
1.72779 3026
1.72788 3033
1.72792 3057
1.72794 3060
1.72797 3061
1.72799 3084
1.72801 3091
1.72805 3096
1.72807 3097
1.72809 3099
1.72811 3132
1.72814 3133
1.72816 3136
1.72818 3144
1.7282 3150
1.72823 3151
1.72825 3158
1.72923 3162
1.72928 3178
1.72933 3180
1.72935 3188
1.72937 3190
1.72939 3191
1.72941 3193
1.72943 3198
1.72945 3209
1.7295 3220
1.72952 3232
1.72954 3234
1.72957 3235
1.7296 3248
1.72963 3255
1.72965 3260
1.72969 3266
1.72971 3267
1.72973 3278
1.72976 3281
1.72978 3298
1.7298 3608
1.72984 3609
1.72986 3610
1.72988 3612
1.7299 3613
1.72994 3615
1.72996 3616
1.72998 3617
1.73001 3619
1.73003 3620
1.73006 3621
1.73008 3622
1.7301 3623
1.73013 3625
1.73015 3626
1.73021 3629
1.73024 3630
1.73028 3632
1.7303 3633
1.73032 3634
1.73035 3635
1.73038 3636
1.7304 3637
1.73042 3638
1.73045 3639
1.73048 3640
1.7305 3641
1.73052 3644
1.73054 3645
1.73058 3646
1.73062 3647
1.73064 3648
1.73066 3649
1.73069 3650
1.73071 3651
1.73074 3652
1.73076 3653
1.73078 3654
1.7308 3656
1.73082 3657
1.73709 3026
1.73711 3092
1.73713 3096
1.73715 3132
1.73717 3150
1.73719 3151
1.73721 3158
1.73724 3162
1.73727 3173
1.73729 3175
1.73731 3178
1.73735 3190
1.73737 3191
1.7374 3193
1.73742 3195
1.73744 3198
1.73746 3200
1.7375 3212
1.73752 3214
1.73755 3232
1.73757 3234
1.73761 3240
1.73763 3248
1.73765 3260
1.73768 3266
1.7377 3267
1.73775 3278
1.73778 3281
1.73783 3298
1.73799 3302
1.73801 3306
1.73803 3314
1.74068 3320
1.7407 3323
1.74075 3324
1.74077 3337
1.74079 3342
1.74082 3347
1.74085 3354
1.74087 3355
1.74089 3377
1.74091 3379
1.74094 3384
1.74096 3659
1.74098 3660
1.741 3661
1.74103 3662
1.74105 3664
1.74107 3665
1.74109 3666
1.74111 3667
1.74114 3668
1.74116 3669
1.74118 3670
1.7412 3671
1.74124 3673
1.74126 3674
1.74128 3675
1.74133 3677
1.74135 3678
1.74141 3683
1.74145 3684
1.74148 3685
1.74151 3686
1.74153 3687
1.74155 3688
1.74159 3690
1.74161 3691
1.74164 3692
1.74166 3693
1.74169 3694
1.74171 3695
1.74176 3697
1.74178 3698
1.74183 3700
1.74186 3701
1.74188 3702
1.74191 3703
1.74193 3704
1.74195 3705
1.74197 3707
1.74866 3092
1.74872 3158
1.74879 3190
1.74881 3193
1.74883 3200
1.74886 3214
1.74888 3220
1.74891 3232
1.74893 3234
1.74896 3240
1.74898 3248
1.749 3255
1.74902 3260
1.74904 3266
1.74906 3267
1.74908 3278
1.74911 3298
1.74914 3302
1.74916 3306
1.74918 3320
1.74921 3323
1.74924 3324
1.74926 3337
1.74928 3347
1.7493 3354
1.74932 3377
1.74934 3379
1.74939 3404
1.74941 3405
1.74943 3420
1.74945 3427
1.74947 3437
1.74954 3450
1.74957 3452
1.7496 3455
1.74962 3459
1.74967 3711
1.74969 3712
1.74971 3713
1.74973 3714
1.74975 3715
1.74979 3717
1.74981 3718
1.74983 3720
1.74986 3721
1.74988 3722
1.7499 3724
1.74992 3725
1.74994 3726
1.74996 3727
1.74998 3728
1.75001 3729
1.75003 3730
1.75005 3731
1.75008 3732
1.75011 3733
1.75013 3734
1.75017 3735
1.75019 3736
1.75021 3737
1.75023 3738
1.75025 3739
1.75027 3740
1.75029 3742
1.75033 3744
1.75036 3745
1.75038 3746
1.75217 3747
1.75221 3748
1.75225 3750
1.75227 3751
1.75229 3752
1.75231 3753
1.75233 3754
1.75236 3755
1.75238 3756
1.75243 3758
1.76164 3092
1.7617 3200
1.76175 3240
1.7618 3281
1.76184 3298
1.76186 3302
1.76189 3306
1.76191 3314
1.76193 3320
1.76195 3323
1.76211 3324
1.7622 3354
1.76224 3355
1.7623 3377
1.76241 3398
1.76247 3405
1.76268 3413
1.76272 3420
1.76274 3437
1.76277 3440
1.76279 3443
1.76281 3450
1.76283 3451
1.76286 3452
1.76288 3455
1.7629 3459
1.76292 3460
1.76295 3464
1.76297 3471
1.76299 3478
1.76302 3486
1.76304 3494
1.76309 3502
1.76311 3506
1.76314 3507
1.76316 3513
1.76318 3516
1.7632 3519
1.76322 3526
1.76324 3759
1.76327 3761
1.7633 3762
1.76333 3763
1.76335 3764
1.76337 3765
1.76339 3766
1.76341 3767
1.76344 3768
1.76347 3769
1.7635 3770
1.76354 3773
1.76356 3774
1.76359 3775
1.76362 3776
1.76366 3778
1.76368 3779
1.7637 3780
1.76372 3781
1.76375 3782
1.76378 3783
1.7638 3784
1.76383 3786
1.76385 3787
1.76387 3789
1.76389 3790
1.76392 3791
1.76394 3792
1.76396 3793
1.76398 3794
1.764 3795
1.76403 3796
1.76406 3797
1.76408 3799
1.7641 3800
1.76412 3801
1.76414 3803
1.76417 3804
1.76419 3805
1.76421 3806
1.76423 3807
1.76425 3809
1.76428 3810
1.77046 3320
1.77048 3323
1.77055 3324
1.77065 3342
1.7707 3347
1.77074 3377
1.77077 3379
1.77081 3384
1.77083 3397
1.77085 3398
1.77094 3404
1.77108 3405
1.77114 3413
1.77118 3420
1.77123 3427
1.77133 3440
1.77138 3443
1.77315 3451
1.77317 3452
1.7735 3455
1.77351 3459
1.77354 3460
1.77356 3464
1.7736 3471
1.77362 3478
1.77366 3494
1.77369 3506
1.7737 3507
1.77374 3513
1.77375 3519
1.77378 3528
1.7738 3535
1.77382 3540
1.77396 3556
1.77398 3568
1.774 3569
1.77403 3570
1.77406 3583
1.77408 3811
1.77412 3814
1.77414 3815
1.77416 3816
1.77418 3817
1.7742 3818
1.77422 3819
1.77424 3820
1.77427 3821
1.77429 3822
1.77431 3823
1.77433 3825
1.77435 3826
1.7744 3828
1.77443 3829
1.77446 3830
1.77452 3832
1.77455 3833
1.77458 3834
1.7746 3835
1.77462 3836
1.77464 3837
1.77468 3840
1.77472 3843
1.77475 3844
1.77477 3845
1.77479 3846
1.77481 3847
1.77483 3848
1.77485 3849
1.77487 3850
1.77489 3851
1.77493 3852
1.77494 3853
1.77497 3854
1.77499 3855
1.77502 3856
1.77504 3857
1.77508 3858
1.77512 3860
1.78172 3397
1.78174 3398
1.78176 3413
1.78179 3440
1.78182 3443
1.78353 3451
1.78376 3452
1.78381 3460
1.78383 3464
1.78385 3471
1.78387 3486
1.78389 3494
1.78391 3496
1.78393 3502
1.78395 3506
1.78397 3507
1.784 3513
1.78403 3519
1.78405 3526
1.78407 3528
1.7841 3535
1.78412 3540
1.78415 3546
1.78416 3556
1.78419 3569
1.78421 3570
1.78423 3583
1.78425 3862
1.78427 3863
1.7843 3864
1.78432 3865
1.78434 3866
1.78436 3867
1.78438 3868
1.78441 3870
1.78442 3871
1.78445 3872
1.78447 3873
1.78449 3874
1.78451 3875
1.78454 3876
1.78456 3877
1.78458 3878
1.7846 3879
1.78463 3880
1.78467 3882
1.78469 3883
1.78471 3884
1.78473 3885
1.78476 3886
1.78478 3887
1.78486 3890
1.78488 3891
1.78491 3892
1.78493 3893
1.78495 3894
1.78497 3896
1.78505 3901
1.78507 3902
1.78509 3903
1.78512 3904
1.78515 3905
1.78518 3906
1.78521 3908
1.78523 3909
1.78525 3910
1.78527 3911
1.78529 3912
1.78531 3914
1.78534 3916
1.78535 3917
1.78538 3918
1.7854 3919
1.78542 3920
1.78544 3921
1.78546 3923
1.78549 3924
1.78551 3925
1.78553 3926
1.78555 3927
1.78557 3928
1.7856 3929
1.79403 3397
1.79405 3440
1.79407 3443
1.79409 3471
1.79414 3486
1.79416 3494
1.79418 3496
1.7942 3502
1.79423 3506
1.79425 3507
1.79427 3513
1.79429 3516
1.79432 3519
1.79437 3528
1.79442 3540
1.79444 3546
1.7945 3568
1.79452 3569
1.79454 3570
1.79456 3583
1.79458 3591
1.7946 3593
1.79462 3596
1.79465 3611
1.7947 3930
1.79472 3931
1.79584 3933
1.79589 3934
1.79592 3935
1.79594 3936
1.79597 3938
1.79599 3939
1.79601 3940
1.79604 3941
1.79606 3942
1.79608 3943
1.79611 3944
1.79613 3946
1.79616 3947
1.79618 3948
1.7962 3950
1.79622 3951
1.79624 3952
1.79626 3953
1.79628 3954
1.7963 3955
1.79633 3956
1.79789 3958
1.79796 3960
1.79802 3961
1.79812 3963
1.79814 3964
1.79816 3965
1.79819 3966
1.79821 3968
1.79823 3969
1.79825 3970
1.79828 3971
1.7983 3973
1.79834 3975
1.79836 3976
1.79839 3978
1.79841 3979
1.79843 3980
1.79846 3981
1.79848 3982
1.7985 3983
1.79852 3984
1.79854 3985
1.79856 3986
1.79858 3987
1.7986 3988
1.79866 3990
1.79868 3991
1.7987 3992
1.79873 3993
1.79875 3994
1.79877 3995
1.7988 3996
1.79882 3997
1.79884 3998
1.80445 3496
1.80454 3540
1.80456 3556
1.80465 3568
1.80472 3569
1.80476 3570
1.80481 3583
1.80483 3591
1.80486 3593
1.80488 3596
1.8049 3611
1.80492 3614
1.80494 3618
1.80496 3624
1.80498 3627
1.805 3628
1.80502 3631
1.80505 3642
1.80507 3643
1.80509 3655
1.80511 3658
1.80515 3663
1.80517 3672
1.8052 3676
1.80522 3679
1.80524 3680
1.80527 3681
1.80529 3689
1.80531 3999
1.80534 4000
1.80536 4001
1.80538 4002
1.80541 4003
1.80543 4004
1.80545 4005
1.80547 4006
1.80549 4007
1.80551 4008
1.80554 4009
1.80556 4010
1.80558 4011
1.8056 4012
1.80562 4013
1.80564 4014
1.80569 4016
1.80571 4017
1.80573 4018
1.80576 4019
1.80578 4020
1.8058 4021
1.80582 4022
1.80586 4023
1.80588 4024
1.8059 4025
1.80592 4026
1.80594 4027
1.80597 4028
1.80599 4029
1.80601 4031
1.80603 4032
1.80605 4033
1.80607 4034
1.80609 4035
1.80611 4036
1.80613 4037
1.80615 4038
1.80618 4039
1.80621 4040
1.80623 4042
1.80625 4043
1.80627 4045
1.80629 4049
1.80631 4050
1.80634 4051
1.80636 4052
1.80638 4053
1.80641 4054
1.80643 4055
1.80645 4056
1.80648 4057
1.8065 4058
1.80652 4059
1.80658 4062
1.8066 4063
1.80666 4065
1.80668 4067
1.8067 4068
1.81707 3593
1.81709 3596
1.81712 3614
1.81714 3618
1.81717 3624
1.81719 3627
1.81721 3631
1.81724 3642
1.81726 3643
1.81729 3655
1.81731 3658
1.81733 3663
1.81736 3676
1.81738 3679
1.81742 3681
1.81744 3682
1.81746 3689
1.81749 3696
1.81751 3706
1.81754 3708
1.81756 3709
1.81758 3710
1.81761 3716
1.81763 3719
1.81766 3723
1.81768 4069
1.8177 4070
1.81773 4072
1.81775 4073
1.81777 4074
1.81779 4075
1.81782 4076
1.81785 4077
1.81787 4078
1.81789 4079
1.81794 4081
1.81796 4082
1.818 4083
1.81803 4084
1.81805 4085
1.81808 4086
1.8181 4088
1.81812 4089
1.81814 4090
1.81817 4091
1.81819 4092
1.81822 4093
1.81826 4096
1.81828 4097
1.8183 4098
1.81832 4099
1.81835 4100
1.81837 4101
1.81839 4103
1.81841 4104
1.81844 4105
1.81846 4106
1.81848 4107
1.8185 4108
1.81852 4110
1.81855 4111
1.81857 4112
1.81859 4114
1.81861 4115
1.81864 4116
1.81886 4118
1.81888 4119
1.8189 4120
1.81893 4121
1.81896 4122
1.82092 4124
1.82104 4125
1.8211 4128
1.82115 4129
1.82117 4130
1.82119 4131
1.82121 4132
1.82123 4133
1.82125 4134
1.82127 4135
1.82793 3614
1.82798 3618
1.82804 3624
1.82808 3627
1.82815 3628
1.82823 3642
1.82832 3643
1.82834 3655
1.82836 3658
1.82838 3663
1.8284 3672
1.82842 3676
1.82845 3679
1.82847 3680
1.82849 3681
1.82851 3682
1.82853 3696
1.82855 3699
1.82857 3706
1.8286 3708
1.82862 3709
1.82864 3710
1.82866 3719
1.82868 3723
1.8287 3741
1.82872 3743
1.82874 3749
1.82876 3757
1.82879 3760
1.82881 3771
1.82885 3777
1.8289 3785
1.82895 3802
1.82897 4138
1.82901 4140
1.82903 4141
1.82905 4142
1.831 4143
1.83107 4145
1.83111 4146
1.83117 4147
1.83124 4149
1.8313 4150
1.83132 4151
1.83137 4152
1.83141 4155
1.83143 4156
1.83144 4157
1.83147 4158
1.83149 4159
1.83151 4160
1.83154 4161
1.83156 4162
1.83158 4163
1.83161 4164
1.83164 4165
1.83166 4166
1.83174 4169
1.83177 4170
1.83179 4171
1.83181 4174
1.83183 4175
1.83186 4176
1.83188 4177
1.8319 4179
1.83192 4180
1.83195 4181
1.83196 4182
1.83199 4183
1.83205 4187
1.83207 4188
1.83211 4190
1.83213 4191
1.83216 4192
1.83218 4194
1.8322 4195
1.83225 4197
1.83227 4198
1.83784 3696
1.83789 3699
1.838 3709
1.83813 3710
1.83821 3716
1.83823 3723
1.83825 3741
1.83827 3743
1.83829 3749
1.83833 3757
1.83835 3771
1.83837 3772
1.83841 3785
1.83843 3788
1.83845 3798
1.83848 3808
1.8385 3812
1.83852 3813
1.83854 3824
1.83857 3827
1.83859 3831
1.83861 3838
1.83863 3839
1.83865 3841
1.83868 3859
1.8387 3869
1.83873 4200
1.83875 4201
1.83878 4202
1.8388 4203
1.83885 4205
1.83887 4206
1.83889 4207
1.83891 4209
1.83893 4211
1.83895 4212
1.83897 4215
1.83899 4216
1.83901 4217
1.83905 4219
1.83907 4221
1.83909 4222
1.83911 4223
1.83914 4224
1.83916 4225
1.83918 4226
1.83921 4227
1.83923 4228
1.83926 4230
1.83928 4231
1.83931 4232
1.83933 4233
1.83935 4234
1.83938 4235
1.8394 4236
1.83942 4237
1.83945 4240
1.83947 4241
1.83952 4242
1.83954 4243
1.83957 4244
1.83959 4245
1.83961 4247
1.83963 4248
1.83965 4249
1.83967 4250
1.83969 4251
1.83972 4252
1.83975 4253
1.83979 4255
1.83981 4256
1.83984 4257
1.83988 4258
1.8399 4259
1.83993 4260
1.83996 4261
1.83998 4262
1.84001 4263
1.8485 3699
1.84852 3743
1.84854 3749
1.84873 3760
1.84875 3771
1.84877 3772
1.84879 3777
1.84882 3788
1.84902 3798
1.84906 3808
1.84912 3812
1.84918 3813
1.84924 3824
1.84929 3831
1.84931 3838
1.84933 3839
1.84938 3842
1.8494 3859
1.84943 3861
1.84948 3881
1.84951 3888
1.84953 3889
1.84955 3895
1.84957 3897
1.84959 3898
1.84962 3899
1.84964 3900
1.84966 3907
1.84968 3913
1.8497 3932
1.84972 3937
1.84975 3945
1.84977 3949
1.8498 4264
1.84984 4266
1.84986 4267
1.8499 4270
1.84995 4272
1.84997 4273
1.84999 4275
1.85004 4278
1.85006 4280
1.85008 4281
1.8501 4282
1.85013 4283
1.85015 4284
1.85017 4285
1.85019 4286
1.85021 4287
1.85024 4288
1.85027 4289
1.85029 4290
1.85031 4291
1.85034 4292
1.85036 4293
1.85039 4294
1.85041 4295
1.85045 4297
1.85048 4298
1.85051 4299
1.85062 4301
1.85064 4302
1.85066 4303
1.85068 4304
1.85071 4305
1.85073 4306
1.85075 4307
1.85077 4308
1.8508 4309
1.85082 4310
1.85084 4311
1.85087 4312
1.85089 4313
1.85091 4314
1.85093 4316
1.85096 4317
1.85098 4318
1.851 4319
1.85103 4320
1.85104 4321
1.85955 3772
1.85964 3788
1.8597 3808
1.86135 3813
1.86137 3824
1.86139 3827
1.86141 3831
1.86144 3838
1.86158 3839
1.86167 3841
1.86174 3861
1.86179 3869
1.86184 3881
1.86188 3888
1.86193 3895
1.86202 3898
1.86211 3900
1.86219 3913
1.86224 3915
1.86228 3922
1.8623 3932
1.86232 3937
1.86234 3945
1.86236 3957
1.8624 3962
1.86242 3967
1.86244 3972
1.86247 3974
1.8625 3977
1.86253 3989
1.86255 4323
1.86257 4324
1.86259 4325
1.86262 4326
1.86265 4327
1.86267 4328
1.8627 4329
1.86273 4330
1.86275 4332
1.86277 4334
1.8628 4335
1.86282 4336
1.86284 4337
1.86286 4338
1.86289 4339
1.86291 4340
1.86294 4341
1.86296 4342
1.86298 4343
1.863 4344
1.86302 4345
1.86304 4346
1.86306 4347
1.86311 4349
1.86313 4350
1.86315 4351
1.86317 4352
1.86321 4353
1.86323 4354
1.86325 4355
1.86328 4356
1.86329 4357
1.86332 4358
1.86335 4360
1.86339 4363
1.86343 4365
1.86345 4366
1.86347 4367
1.8635 4368
1.86352 4369
1.86355 4370
1.86357 4372
1.8636 4373
1.86363 4374
1.86365 4375
1.86367 4376
1.86369 4377
1.86371 4378
1.86373 4379
1.87046 3861
1.8705 3881
1.87058 3888
1.87062 3895
1.87069 3897
1.87074 3898
1.87079 3899
1.87086 3907
1.8709 3913
1.87095 3915
1.87104 3922
1.87109 3932
1.87116 3945
1.87121 3949
1.87129 3957
1.87131 3959
1.87133 3962
1.87136 3967
1.8714 3972
1.87208 3974
1.87223 3977
1.87233 3989
1.87355 4030
1.87361 4041
1.87363 4048
1.87374 4061
1.8738 4064
1.87384 4066
1.87389 4071
1.87397 4080
1.87403 4094
1.87408 4381
1.87413 4382
1.87414 4383
1.87417 4384
1.87419 4385
1.87421 4386
1.87423 4387
1.87425 4388
1.87428 4389
1.8743 4390
1.87432 4391
1.87435 4392
1.87437 4393
1.87439 4394
1.87441 4395
1.87444 4396
1.87446 4398
1.87448 4399
1.8745 4400
1.87452 4401
1.87454 4402
1.87457 4403
1.87459 4404
1.87461 4405
1.87463 4406
1.87465 4407
1.87467 4408
1.8747 4409
1.87472 4410
1.87474 4413
1.87477 4414
1.87479 4415
1.87481 4416
1.87483 4417
1.87485 4418
1.87488 4419
1.8749 4420
1.87493 4421
1.87497 4422
1.875 4423
1.87502 4424
1.87505 4425
1.87507 4426
1.87509 4427
1.87512 4428
1.87514 4429
1.87516 4430
1.87518 4432
1.8752 4433
1.87522 4434
1.87525 4435
1.87526 4436
1.87531 4438
1.88152 3915
1.88156 3922
1.8816 3959
1.88164 3967
1.88169 3972
1.88171 3974
1.88173 3977
1.88176 3989
1.88177 4015
1.88182 4030
1.88184 4041
1.88186 4044
1.88189 4046
1.88191 4047
1.88193 4048
1.88195 4060
1.88197 4061
1.882 4064
1.88202 4071
1.88206 4094
1.88209 4095
1.88211 4102
1.88214 4109
1.88217 4113
1.88222 4123
1.88224 4126
1.88227 4127
1.88229 4136
1.88235 4139
1.88238 4144
1.88244 4154
1.88246 4167
1.88248 4440
1.8825 4441
1.88252 4442
1.88254 4443
1.88256 4444
1.88259 4446
1.88261 4448
1.88264 4449
1.88267 4450
1.88269 4451
1.88271 4452
1.88273 4454
1.88275 4455
1.88277 4456
1.88279 4457
1.88281 4458
1.88283 4459
1.88285 4460
1.88288 4461
1.8829 4462
1.88294 4463
1.88296 4464
1.88298 4465
1.88302 4466
1.88305 4467
1.88309 4469
1.88312 4470
1.88497 4471
1.88501 4472
1.88509 4473
1.88514 4474
1.8852 4476
1.88527 4477
1.88531 4478
1.88545 4480
1.8855 4481
1.88557 4482
1.88562 4483
1.88568 4484
1.88572 4486
1.88579 4488
1.88585 4489
1.8859 4490
1.88596 4491
1.886 4492
1.88605 4493
1.88609 4494
1.88615 4495
1.88619 4496
1.89472 4015
1.89477 4030
1.89481 4041
1.89488 4044
1.89494 4046
1.89523 4047
1.89527 4048
1.89535 4060
1.89541 4064
1.89548 4066
1.89553 4071
1.89559 4080
1.89564 4087
1.89573 4094
1.89575 4095
1.89577 4102
1.8958 4113
1.89584 4123
1.89587 4126
1.89589 4127
1.89591 4136
1.89594 4139
1.89596 4144
1.89598 4148
1.89603 4154
1.89605 4167
1.89607 4168
1.8961 4172
1.89612 4173
1.89617 4184
1.89619 4185
1.89621 4186
1.89624 4189
1.89626 4193
1.89631 4199
1.89633 4204
1.89637 4213
1.89639 4214
1.89643 4218
1.89645 4220
1.89647 4229
1.89649 4499
1.89653 4501
1.89656 4502
1.89659 4503
1.89661 4504
1.89663 4506
1.89665 4507
1.89667 4508
1.89669 4511
1.89671 4512
1.89675 4514
1.89677 4515
1.89679 4516
1.89682 4517
1.89684 4518
1.89686 4519
1.89689 4520
1.89691 4521
1.89693 4522
1.89695 4523
1.89697 4524
1.897 4526
1.89703 4527
1.89705 4528
1.89707 4529
1.89709 4530
1.89712 4531
1.89714 4533
1.89718 4535
1.89721 4536
1.89723 4537
1.89725 4538
1.89728 4539
1.8973 4540
1.89732 4543
1.89734 4544
1.89737 4545
1.8974 4546
1.90392 4015
1.90398 4044
1.90403 4046
1.90408 4047
1.90413 4060
1.90415 4087
1.90417 4095
1.90419 4102
1.90421 4109
1.90423 4123
1.90425 4126
1.90428 4127
1.90432 4137
1.90434 4139
1.90437 4144
1.9044 4148
1.90442 4153
1.90445 4154
1.90447 4167
1.9045 4168
1.90453 4172
1.90455 4173
1.90458 4178
1.9046 4184
1.90462 4185
1.90464 4186
1.90466 4189
1.90473 4199
1.90476 4204
1.90478 4210
1.9048 4213
1.90482 4214
1.90484 4218
1.90486 4220
1.90488 4238
1.90491 4239
1.90499 4254
1.90501 4265
1.90503 4268
1.90505 4269
1.90508 4271
1.90509 4274
1.90512 4276
1.90594 4277
1.90596 4279
1.90701 4300
1.90704 4547
1.90706 4548
1.90709 4549
1.90711 4550
1.90714 4551
1.90718 4554
1.9072 4555
1.90722 4556
1.90724 4557
1.90727 4558
1.90729 4559
1.90731 4560
1.90733 4561
1.90735 4562
1.90737 4563
1.90739 4564
1.90743 4565
1.90745 4566
1.9075 4568
1.90752 4569
1.90755 4570
1.90757 4572
1.90759 4573
1.90761 4575
1.90764 4576
1.90767 4577
1.90769 4578
1.90771 4579
1.90773 4580
1.90775 4581
1.90777 4582
1.9078 4583
1.90782 4584
1.90785 4585
1.90787 4586
1.90789 4587
1.90791 4588
1.90793 4589
1.90795 4590
1.91487 4137
1.91492 4148
1.91494 4153
1.91501 4168
1.91503 4172
1.91508 4178
1.9151 4184
1.91512 4185
1.91531 4186
1.91538 4189
1.91542 4193
1.91547 4196
1.91555 4199
1.9156 4204
1.91565 4208
1.9157 4210
1.91575 4213
1.9158 4214
1.91582 4218
1.91591 4229
1.91595 4239
1.916 4246
1.91608 4265
1.91613 4268
1.91615 4269
1.91619 4277
1.91623 4592
1.91625 4593
1.91627 4594
1.91629 4595
1.91639 4600
1.91642 4601
1.91643 4602
1.91646 4603
1.91648 4604
1.9165 4605
1.91652 4606
1.91655 4607
1.91657 4610
1.9166 4611
1.91662 4612
1.91669 4615
1.91671 4616
1.91676 4618
1.91679 4619
1.91682 4620
1.91686 4622
1.91688 4623
1.9169 4624
1.91692 4625
1.91694 4626
1.91697 4628
1.91699 4629
1.91701 4630
1.91704 4631
1.91705 4632
1.91707 4633
1.9171 4634
1.91712 4635
1.91714 4636
1.91716 4637
1.9172 4639
1.91725 4642
1.91727 4643
1.91732 4645
1.91735 4646
1.91737 4647
1.9174 4648
1.91742 4649
1.91744 4650
1.91748 4653
1.92807 4117
1.92814 4137
1.92819 4168
1.92821 4172
1.92823 4173
1.92832 4178
1.92868 4184
1.9287 4185
1.92872 4186
1.92874 4189
1.92876 4193
1.92878 4199
1.92881 4208
1.929 4210
1.92905 4213
1.92907 4214
1.92909 4218
1.92911 4220
1.92914 4238
1.92916 4239
1.9292 4246
1.92922 4254
1.92926 4269
1.92928 4271
1.9293 4274
1.92932 4276
1.92934 4277
1.92937 4279
1.92942 4300
1.92944 4315
1.92947 4322
1.92951 4333
1.92953 4655
1.92956 4656
1.92958 4657
1.9296 4659
1.92963 4660
1.92965 4661
1.92969 4664
1.92972 4665
1.92975 4666
1.92977 4667
1.9298 4669
1.92983 4670
1.92986 4671
1.92988 4672
1.9299 4673
1.92992 4674
1.92994 4675
1.92999 4677
1.93001 4678
1.93004 4679
1.93006 4680
1.93008 4681
1.9301 4682
1.93013 4683
1.93015 4684
1.93017 4685
1.9302 4686
1.93023 4687
1.93025 4688
1.93027 4689
1.93031 4691
1.93033 4692
1.93035 4693
1.93038 4694
1.9304 4695
1.93044 4696
1.93046 4697
1.9305 4699
1.93052 4700
1.93055 4701
1.93057 4702
1.93061 4704
1.93229 4706
1.93237 4707
1.93245 4709
1.93249 4710
1.93255 4711
1.93264 4712
1.9374 4196
1.93794 4208
1.93799 4246
1.93809 4315
1.93811 4322
1.93813 4331
1.93815 4348
1.93819 4362
1.93823 4364
1.93825 4371
1.93828 4380
1.9383 4397
1.93832 4411
1.93834 4412
1.93836 4714
1.93838 4715
1.93841 4716
1.93843 4717
1.93845 4718
1.93847 4719
1.93849 4720
1.93851 4721
1.93855 4723
1.93857 4724
1.9386 4726
1.93862 4727
1.93864 4728
1.93867 4729
1.9387 4730
1.93872 4731
1.93874 4732
1.93876 4733
1.93879 4734
1.93882 4735
1.93884 4736
1.93888 4738
1.93891 4739
1.93893 4740
1.93895 4741
1.93897 4742
1.93899 4743
1.93902 4744
1.93904 4745
1.93906 4746
1.93909 4747
1.93911 4748
1.93913 4749
1.93916 4750
1.93918 4752
1.93921 4753
1.93923 4754
1.93925 4755
1.93928 4757
1.93931 4758
1.93933 4759
1.93935 4761
1.93939 4762
1.93941 4763
1.93944 4764
1.93946 4765
1.93949 4766
1.93951 4767
1.93954 4768
1.93958 4770
1.93961 4771
1.93963 4773
1.93965 4774
1.93967 4775
1.9397 4776
1.93973 4778
1.93975 4779
1.93977 4780
1.93979 4781
1.93982 4782
1.93984 4784
1.93986 4785
1.93989 4786
1.93991 4787
1.93993 4789
1.93996 4791
1.93998 4792
1.94 4793
1.9499 4117
1.94997 4296
1.94999 4315
1.95002 4322
1.95004 4331
1.95006 4333
1.95008 4348
1.9501 4359
1.95012 4362
1.95014 4364
1.95016 4371
1.95021 4412
1.95023 4431
1.95026 4437
1.95029 4439
1.95036 4453
1.95038 4794
1.95041 4796
1.95045 4798
1.95047 4800
1.95049 4801
1.95052 4802
1.95055 4803
1.95057 4804
1.9506 4805
1.95062 4806
1.95064 4808
1.95066 4809
1.95068 4810
1.95071 4811
1.95073 4812
1.95075 4813
1.9508 4815
1.95082 4816
1.95085 4817
1.95087 4818
1.95089 4819
1.95091 4820
1.95093 4821
1.95096 4822
1.95099 4823
1.95101 4824
1.95103 4826
1.95105 4828
1.9511 4829
1.95112 4830
1.95117 4833
1.95119 4835
1.95122 4836
1.95125 4837
1.95128 4838
1.9513 4839
1.95135 4841
1.95137 4844
1.95139 4845
1.95141 4846
1.95143 4847
1.95145 4848
1.95148 4850
1.9515 4851
1.95152 4852
1.95154 4853
1.95156 4854
1.95158 4855
1.9516 4857
1.95162 4858
1.95164 4859
1.95169 4861
1.95171 4862
1.95173 4863
1.95175 4864
1.95177 4865
1.95181 4867
1.95184 4868
1.95186 4869
1.95188 4870
1.95191 4871
1.95986 4296
1.95993 4331
1.95999 4348
1.96007 4361
1.96014 4362
1.96018 4364
1.96024 4380
1.96032 4397
1.96038 4411
1.96043 4412
1.96048 4437
1.96054 4439
1.96055 4445
1.96057 4447
1.96063 4468
1.96065 4475
1.96067 4479
1.9607 4487
1.96072 4497
1.96075 4498
1.96078 4500
1.9608 4505
1.96084 4513
1.96086 4525
1.96088 4872
1.9609 4873
1.96092 4874
1.96163 4875
1.96167 4876
1.96173 4877
1.96179 4878
1.96183 4879
1.96189 4880
1.96194 4881
1.96201 4882
1.96205 4883
1.96213 4885
1.9622 4887
1.96225 4888
1.96227 4889
1.96229 4890
1.96233 4892
1.96235 4893
1.96239 4894
1.96244 4897
1.96246 4899
1.96248 4900
1.9625 4901
1.96253 4902
1.96255 4903
1.96257 4904
1.96259 4905
1.96261 4906
1.96263 4907
1.96265 4908
1.96269 4910
1.96272 4912
1.96274 4913
1.96278 4915
1.9628 4916
1.96282 4917
1.96284 4918
1.96287 4919
1.96289 4920
1.96292 4921
1.96294 4922
1.96296 4924
1.96298 4926
1.963 4927
1.96304 4929
1.96307 4930
1.96309 4932
1.96311 4933
1.96314 4935
1.96316 4936
1.96319 4937
1.96321 4938
1.96323 4939
1.97231 4296
1.97237 4361
1.97242 4431
1.97247 4437
1.97251 4439
1.97256 4447
1.97263 4468
1.97272 4479
1.97287 4485
1.97292 4497
1.97297 4498
1.97302 4500
1.97304 4505
1.97308 4510
1.9731 4513
1.97312 4525
1.97332 4542
1.97337 4553
1.97339 4567
1.97341 4571
1.97343 4574
1.97345 4591
1.97347 4596
1.97349 4597
1.97351 4941
1.97353 4942
1.97356 4943
1.97358 4944
1.97361 4945
1.97363 4946
1.97365 4947
1.97369 4948
1.97371 4949
1.97373 4950
1.97376 4951
1.97378 4953
1.9738 4954
1.97382 4957
1.97384 4958
1.97387 4959
1.97391 4962
1.97395 4963
1.97398 4964
1.974 4965
1.97403 4966
1.97405 4967
1.9741 4969
1.97413 4970
1.97415 4971
1.97417 4972
1.9742 4974
1.97425 4976
1.97427 4977
1.97429 4978
1.97435 4980
1.97437 4981
1.9744 4982
1.97442 4983
1.97445 4984
1.97447 4985
1.9745 4986
1.97452 4987
1.97455 4988
1.97457 4989
1.97459 4990
1.97461 4991
1.97463 4992
1.97465 4993
1.97467 4994
1.97469 4995
1.97472 4996
1.97475 4997
1.97477 4999
1.97481 5000
1.97483 5001
1.97485 5002
1.97488 5003
1.9749 5005
1.97492 5006
1.98223 4361
1.98225 4445
1.98227 4447
1.98232 4475
1.98234 4479
1.98237 4487
1.98271 4497
1.98277 4498
1.98285 4500
1.98287 4505
1.98289 4509
1.98291 4510
1.98294 4525
1.98296 4532
1.98298 4534
1.98301 4541
1.98302 4542
1.98307 4553
1.98309 4567
1.98311 4571
1.98313 4591
1.98315 4596
1.98321 4598
1.98323 4599
1.98325 4608
1.98327 4609
1.98329 4613
1.98331 4614
1.98333 4617
1.98335 4627
1.98338 4638
1.9834 4640
1.98342 4641
1.98344 4644
1.98346 4651
1.98348 4654
1.98351 4658
1.98354 4662
1.98356 4663
1.98361 4668
1.98365 5007
1.98368 5008
1.9837 5009
1.98372 5010
1.98374 5011
1.98376 5012
1.98379 5013
1.98381 5014
1.98383 5017
1.98385 5018
1.98387 5019
1.9839 5021
1.98393 5022
1.98396 5023
1.98398 5024
1.98401 5025
1.98403 5026
1.98405 5027
1.98407 5028
1.98409 5029
1.98411 5030
1.98414 5032
1.98418 5034
1.9842 5035
1.98426 5038
1.98428 5040
1.98433 5043
1.98435 5044
1.98437 5045
1.98439 5048
1.98442 5049
1.98444 5050
1.98446 5051
1.98448 5052
1.9845 5053
1.98453 5054
1.98455 5055
1.98457 5056
1.98459 5057
1.99311 4485
1.99315 4509
1.99326 4532
1.9933 4542
1.99335 4552
1.99345 4553
1.99353 4567
1.99361 4591
1.99366 4596
1.99373 4598
1.99375 4599
1.99385 4609
1.9939 4613
1.99395 4617
1.99397 4621
1.99399 4627
1.99402 4638
1.99423 4640
1.99431 4641
1.99435 4644
1.9944 4651
1.99446 4652
1.99452 4658
1.99465 4662
1.99469 4663
1.99471 4668
1.99474 4676
1.9948 4698
1.99482 4705
1.99485 4708
1.99487 4713
1.99489 4722
1.99491 4725
1.99496 4751
1.99498 4756
1.995 5059
1.99502 5061
1.99505 5063
1.99507 5064
1.9951 5066
1.99512 5067
1.99514 5069
1.99516 5071
1.99519 5072
1.99522 5073
1.99525 5075
1.99527 5076
1.99532 5078
1.99534 5079
1.99536 5080
1.99539 5081
1.99541 5082
1.99544 5083
1.99546 5084
1.99548 5085
1.99549 5086
1.99552 5087
1.99556 5089
1.99558 5090
1.9956 5091
1.99562 5092
1.99564 5093
1.99568 5095
1.99821 5096
1.99827 5097
1.99834 5099
1.9984 5100
1.99844 5101
1.99849 5102
1.99856 5104
1.9986 5105
1.99865 5107
1.99873 5108
1.99878 5109
