1.68803 0
1.68804 1
1.68807 3
1.68808 4
1.68809 5
1.6881 6
1.68811 7
1.68812 8
1.68814 9
1.68815 10
1.68816 11
1.68817 12
1.68818 13
1.68819 14
1.6882 15
1.68821 16
1.68823 17
1.68824 18
1.68825 19
1.68826 20
1.68828 22
1.68829 23
1.68831 24
1.68832 25
1.68833 26
1.68834 27
1.68835 28
1.68836 29
1.68837 30
1.68839 31
1.6884 32
1.68841 33
1.68842 34
1.68843 35
1.68844 36
1.68845 37
1.68846 38
1.68848 39
1.68849 40
1.6885 41
1.68851 42
1.68852 43
1.68853 44
1.68854 45
1.68856 46
1.68857 47
1.68858 48
1.68859 49
1.6886 50
1.68861 51
1.68862 52
1.68864 53
1.68866 55
1.68867 56
1.68868 57
1.68869 58
1.6887 59
1.68871 60
1.68873 61
1.68874 62
1.68875 63
1.68876 64
1.68878 66
1.68879 67
1.68881 68
1.68882 69
1.68883 70
1.68884 71
1.68885 72
1.68887 74
1.68889 75
1.6889 76
1.68891 77
1.68892 78
1.68893 79
1.68894 80
1.68895 81
1.68896 82
1.68899 84
1.689 85
1.68901 86
1.68903 88
1.68904 89
1.68906 90
1.68907 91
1.68908 92
1.68909 93
1.6891 94
1.68912 96
1.68913 97
1.68915 98
1.68916 99
1.69914 100
1.69916 101
1.69917 102
1.69918 103
1.69919 104
1.6992 105
1.69921 106
1.69922 107
1.69924 108
1.69925 109
1.69926 110
1.69927 111
1.69928 112
1.69929 113
1.6993 114
1.69931 115
1.69933 116
1.69934 117
1.69935 118
1.69936 119
1.69937 120
1.69938 121
1.69939 122
1.69941 123
1.69942 124
1.69943 125
1.69944 126
1.69945 127
1.69946 128
1.69947 129
1.69948 130
1.6995 131
1.69951 132
1.69952 133
1.69953 134
1.69954 135
1.69955 136
1.69956 137
1.69959 139
1.6996 140
1.69961 141
1.69962 142
1.69964 144
1.69966 145
1.69967 146
1.69968 147
1.69969 148
1.6997 149
1.69971 150
1.69972 151
1.69973 152
1.69975 153
1.69976 154
1.69977 155
1.69978 156
1.69979 157
1.6998 158
1.69981 159
1.69983 160
1.69984 161
1.69985 162
1.69986 163
1.69987 164
1.69988 165
1.69989 166
1.69991 167
1.69992 168
1.69993 169
1.69994 170
1.69995 171
1.69996 172
1.7 175
1.70002 177
1.70003 178
1.70004 179
1.70005 180
1.70006 181
1.70008 182
1.70009 183
1.7001 184
1.70011 185
1.70012 186
1.70013 187
1.70014 188
1.70016 189
1.70017 190
1.70018 191
1.70019 192
1.7002 193
1.70021 194
1.70022 195
1.70023 196
1.70025 197
1.70026 198
1.70027 199
1.71026 200
1.71027 201
1.71028 202
1.71029 203
1.7103 204
1.71031 205
1.71032 206
1.71033 207
1.71035 208
1.71036 209
1.71037 210
1.71038 211
1.71039 212
1.7104 213
1.71041 214
1.71043 215
1.71044 216
1.71045 217
1.71046 218
1.71047 219
1.71048 220
1.71049 221
1.71051 222
1.71053 224
1.71054 225
1.71056 227
1.71057 228
1.71058 229
1.7106 230
1.71061 231
1.71062 232
1.71063 233
1.71064 234
1.71065 235
1.71066 236
1.71068 237
1.71069 238
1.7107 239
1.71071 240
1.71073 242
1.71074 243
1.71076 244
1.71077 245
1.71078 246
1.71079 247
1.7108 248
1.71081 249
1.71082 250
1.71085 252
1.71086 253
1.71087 254
1.71089 256
1.7109 257
1.71091 258
1.71093 259
1.71094 260
1.71095 261
1.71096 262
1.71097 263
1.71098 264
1.71099 265
1.71101 266
1.71102 267
1.71103 268
1.71104 269
1.71105 270
1.71106 271
1.71107 272
1.71108 273
1.71111 275
1.71112 276
1.71113 277
1.71114 278
1.71115 279
1.71116 280
1.71118 281
1.71119 282
1.7112 283
1.71121 284
1.71122 285
1.71123 286
1.71124 287
1.71125 288
1.71127 289
1.71128 290
1.71129 291
1.7113 292
1.71131 293
1.71132 294
1.71133 295
1.71136 297
1.71137 298
1.71138 299
1.72137 300
1.72138 301
1.72139 302
1.7214 303
1.72142 305
1.72143 306
1.72145 307
1.72146 308
1.72147 309
1.72148 310
1.72149 311
1.72151 313
1.72153 314
1.72155 316
1.72156 317
1.72157 318
1.72158 319
1.72159 320
1.7216 321
1.72162 322
1.72163 323
1.72164 324
1.72165 325
1.72166 326
1.72168 328
1.7217 329
1.72171 330
1.72173 332
1.72174 333
1.72175 334
1.72178 336
1.72179 337
1.7218 338
1.72181 339
1.72182 340
1.72183 341
1.72184 342
1.72185 343
1.72187 344
1.72188 345
1.72189 346
1.7219 347
1.72191 348
1.72192 349
1.72193 350
1.72195 351
1.72196 352
1.72197 353
1.72198 354
1.72199 355
1.722 356
1.72201 357
1.72203 358
1.72204 359
1.72205 360
1.72206 361
1.72207 362
1.72208 363
1.72209 364
1.7221 365
1.72212 366
1.72213 367
1.72214 368
1.72215 369
1.72216 370
1.72217 371
1.72218 372
1.7222 373
1.72221 374
1.72224 377
1.72225 378
1.72226 379
1.72228 380
1.72229 381
1.7223 382
1.72231 383
1.72232 384
1.72233 385
1.72234 386
1.72235 387
1.72237 388
1.72238 389
1.72239 390
1.7224 391
1.72241 392
1.72242 393
1.72243 394
1.72245 395
1.72246 396
1.72247 397
1.72249 399
1.73248 400
1.73249 401
1.7325 402
1.73252 404
1.73253 405
1.73255 406
1.73256 407
1.73257 408
1.73258 409
1.73259 410
1.7326 411
1.73261 412
1.73264 414
1.73265 415
1.73266 416
1.73267 417
1.73268 418
1.73269 419
1.7327 420
1.73272 421
1.73273 422
1.73275 424
1.73276 425
1.73277 426
1.73278 427
1.7328 428
1.73281 429
1.73282 430
1.73283 431
1.73286 434
1.73288 435
1.73289 436
1.7329 437
1.73291 438
1.73292 439
1.73293 440
1.73294 441
1.73295 442
1.73297 443
1.73298 444
1.73299 445
1.733 446
1.73301 447
1.73302 448
1.73305 450
1.73306 451
1.73308 453
1.73309 454
1.7331 455
1.73311 456
1.73312 457
1.73314 458
1.73315 459
1.73316 460
1.73317 461
1.73318 462
1.73319 463
1.7332 464
1.73322 465
1.73324 467
1.73325 468
1.73326 469
1.7333 472
1.73331 473
1.73332 474
1.73333 475
1.73334 476
1.73335 477
1.73336 478
1.73337 479
1.7334 481
1.73341 482
1.73342 483
1.73344 485
1.73345 486
1.73347 487
1.73348 488
1.73349 489
1.7335 490
1.73351 491
1.73352 492
1.73355 494
1.73356 495
1.73357 496
1.73358 497
1.73359 498
1.7336 499
1.74359 500
1.7436 501
1.74361 502
1.74362 503
1.74363 504
1.74365 505
1.74367 507
1.74368 508
1.74369 509
1.7437 510
1.74372 512
1.74374 513
1.74375 514
1.74376 515
1.74378 517
1.74379 518
1.7438 519
1.74382 520
1.74383 521
1.74384 522
1.74385 523
1.74386 524
1.74387 525
1.74391 528
1.74392 529
1.74393 530
1.74394 531
1.74395 532
1.74396 533
1.74397 534
1.74399 535
1.744 536
1.74401 537
1.74402 538
1.74403 539
1.74407 542
1.74408 543
1.74409 544
1.7441 545
1.74411 546
1.74412 547
1.74415 549
1.74416 550
1.74419 553
1.7442 554
1.74422 556
1.74424 557
1.74425 558
1.74426 559
1.74427 560
1.74428 561
1.74429 562
1.7443 563
1.74434 566
1.74436 568
1.74438 570
1.7444 571
1.74441 572
1.74442 573
1.74443 574
1.74444 575
1.74445 576
1.74446 577
1.74447 578
1.74449 579
1.7445 580
1.74451 581
1.74452 582
1.74453 583
1.74454 584
1.74455 585
1.74458 587
1.74459 588
1.74462 591
1.74463 592
1.74465 593
1.74466 594
1.74467 595
1.74468 596
1.74469 597
1.7447 598
1.74471 599
1.7547 600
1.75471 601
1.75472 602
1.75473 603
1.75475 604
1.75476 605
1.75477 606
1.75478 607
1.75479 608
1.7548 609
1.75481 610
1.75482 611
1.75484 612
1.75485 613
1.75486 614
1.75488 616
1.75489 617
1.75493 620
1.75497 624
1.75498 625
1.755 626
1.75501 627
1.75502 628
1.75503 629
1.75504 630
1.75505 631
1.75506 632
1.75507 633
1.75509 634
1.75511 636
1.75512 637
1.75513 638
1.75515 640
1.75517 641
1.75518 642
1.75519 643
1.7552 644
1.75521 645
1.75522 646
1.75524 648
1.75526 649
1.75527 650
1.75528 651
1.75529 652
1.7553 653
1.75531 654
1.75534 656
1.75535 657
1.75536 658
1.75537 659
1.75538 660
1.75539 661
1.75542 663
1.75543 664
1.75544 665
1.75545 666
1.75546 667
1.75547 668
1.75548 669
1.75549 670
1.75551 671
1.75552 672
1.75553 673
1.75554 674
1.75555 675
1.75556 676
1.75557 677
1.75559 678
1.7556 679
1.75561 680
1.75562 681
1.75563 682
1.75564 683
1.75565 684
1.75567 685
1.75568 686
1.75569 687
1.7557 688
1.75571 689
1.75572 690
1.75573 691
1.75574 692
1.75576 693
1.75577 694
1.75578 695
1.75579 696
1.7558 697
1.76581 700
1.76582 701
1.76583 702
1.76584 703
1.76587 705
1.76588 706
1.76589 707
1.7659 708
1.76591 709
1.76592 710
1.76594 711
1.76595 712
1.76596 713
1.76597 714
1.76598 715
1.76599 716
1.766 717
1.76602 718
1.76603 719
1.76604 720
1.76606 722
1.76607 723
1.76608 724
1.76609 725
1.76611 726
1.76612 727
1.76613 728
1.76614 729
1.76615 730
1.76616 731
1.76617 732
1.76619 733
1.76621 735
1.76622 736
1.76623 737
1.76624 738
1.76625 739
1.76627 740
1.76628 741
1.76629 742
1.76631 744
1.76632 745
1.76633 746
1.76634 747
1.76636 748
1.76637 749
1.76638 750
1.76639 751
1.7664 752
1.76641 753
1.76642 754
1.76644 755
1.76645 756
1.76646 757
1.76647 758
1.76648 759
1.7665 761
1.76652 762
1.76653 763
1.76654 764
1.76655 765
1.76656 766
1.76657 767
1.76658 768
1.76659 769
1.76661 770
1.76662 771
1.76663 772
1.76664 773
1.76666 775
1.76667 776
1.76669 777
1.7667 778
1.76671 779
1.76672 780
1.76673 781
1.76675 783
1.76677 784
1.76678 785
1.76679 786
1.7668 787
1.76681 788
1.76682 789
1.76686 792
1.76687 793
1.76688 794
1.7669 796
1.76691 797
1.76692 798
1.76694 799
1.77692 800
1.77693 801
1.77694 802
1.77697 804
1.77698 805
1.77699 806
1.777 807
1.77701 808
1.77702 809
1.77704 810
1.77705 811
1.77706 812
1.77708 814
1.77709 815
1.7771 816
1.77712 817
1.77713 818
1.77714 819
1.77715 820
1.77716 821
1.77717 822
1.77718 823
1.77721 825
1.77722 826
1.77723 827
1.77724 828
1.77725 829
1.77726 830
1.77729 832
1.7773 833
1.77731 834
1.77732 835
1.77734 837
1.77735 838
1.77738 840
1.77739 841
1.7774 842
1.77741 843
1.77742 844
1.77743 845
1.77744 846
1.77746 847
1.77747 848
1.77748 849
1.7775 851
1.77751 852
1.77752 853
1.77754 854
1.77755 855
1.77756 856
1.77757 857
1.77758 858
1.7776 860
1.77761 861
1.77763 862
1.77764 863
1.77765 864
1.77766 865
1.77767 866
1.77768 867
1.77769 868
1.77771 869
1.77772 870
1.77773 871
1.77774 872
1.77775 873
1.77776 874
1.77777 875
1.77779 876
1.7778 877
1.77781 878
1.77782 879
1.77784 881
1.77785 882
1.77786 883
1.77788 884
1.77789 885
1.7779 886
1.77792 888
1.77793 889
1.77794 890
1.77796 891
1.77797 892
1.77798 893
1.77799 894
1.778 895
1.77802 897
1.77805 899
1.78803 900
1.78804 901
1.78806 902
1.78807 903
1.78809 905
1.7881 906
1.78811 907
1.78812 908
1.78814 909
1.78816 911
1.78817 912
1.78818 913
1.78819 914
1.78823 917
1.78824 918
1.78825 919
1.78826 920
1.78827 921
1.78829 923
1.78831 924
1.78832 925
1.78833 926
1.78834 927
1.78835 928
1.78836 929
1.78837 930
1.78839 931
1.7884 932
1.78841 933
1.78842 934
1.78843 935
1.78844 936
1.78845 937
1.78846 938
1.78848 939
1.78849 940
1.7885 941
1.78851 942
1.78852 943
1.78853 944
1.78854 945
1.78857 947
1.78858 948
1.78859 949
1.7886 950
1.78861 951
1.78864 953
1.78865 954
1.78866 955
1.78867 956
1.78868 957
1.78869 958
1.7887 959
1.78871 960
1.78873 961
1.78874 962
1.78875 963
1.78876 964
1.78877 965
1.78878 966
1.78879 967
1.78881 968
1.78882 969
1.78883 970
1.78884 971
1.78885 972
1.78886 973
1.78887 974
1.78889 975
1.7889 976
1.78891 977
1.78892 978
1.78893 979
1.78895 981
1.78896 982
1.78898 983
1.789 985
1.78901 986
1.78902 987
1.78903 988
1.78904 989
1.78906 990
1.78907 991
1.78908 992
1.78909 993
1.7891 994
1.78911 995
1.78912 996
1.78913 997
1.78915 998
1.78916 999
1.79914 1000
1.79916 1001
1.79917 1002
1.79918 1003
1.79919 1004
1.7992 1005
1.79921 1006
1.79922 1007
1.79924 1008
1.79925 1009
1.79926 1010
1.79927 1011
1.79928 1012
1.79929 1013
1.7993 1014
1.79931 1015
1.79933 1016
1.79934 1017
1.79935 1018
1.79936 1019
1.79937 1020
1.79939 1022
1.79941 1023
1.79942 1024
1.79943 1025
1.79944 1026
1.79945 1027
1.79946 1028
1.79947 1029
1.79948 1030
1.7995 1031
1.79951 1032
1.79952 1033
1.79953 1034
1.79954 1035
1.79955 1036
1.79956 1037
1.79958 1038
1.79959 1039
1.7996 1040
1.79961 1041
1.79962 1042
1.79963 1043
1.79964 1044
1.79966 1045
1.79967 1046
1.79971 1050
1.79973 1052
1.79975 1053
1.79976 1054
1.79977 1055
1.79979 1057
1.7998 1058
1.79981 1059
1.79983 1060
1.79984 1061
1.79985 1062
1.79986 1063
1.79987 1064
1.79988 1065
1.79989 1066
1.79991 1067
1.79992 1068
1.79993 1069
1.79994 1070
1.79995 1071
1.79996 1072
1.79997 1073
1.79998 1074
1.8 1075
1.80001 1076
1.80002 1077
1.80003 1078
1.80005 1080
1.80006 1081
1.8001 1084
1.80011 1085
1.80012 1086
1.80013 1087
1.80014 1088
1.80016 1089
1.80017 1090
1.80018 1091
1.80019 1092
1.8002 1093
1.80021 1094
1.80022 1095
1.80023 1096
1.80025 1097
1.80026 1098
1.80027 1099
1.81026 1100
1.81027 1101
1.81028 1102
1.81029 1103
1.8103 1104
1.81031 1105
1.81032 1106
1.81033 1107
1.81035 1108
1.81036 1109
1.81037 1110
1.81038 1111
1.81039 1112
1.8104 1113
1.81041 1114
1.81043 1115
1.81044 1116
1.81045 1117
1.81046 1118
1.81047 1119
1.81049 1121
1.81051 1122
1.81052 1123
1.81053 1124
1.81054 1125
1.81055 1126
1.81056 1127
1.81057 1128
1.81058 1129
1.8106 1130
1.81061 1131
1.81063 1133
1.81064 1134
1.81065 1135
1.81066 1136
1.81068 1137
1.81069 1138
1.8107 1139
1.81071 1140
1.81073 1142
1.81074 1143
1.81076 1144
1.81077 1145
1.81078 1146
1.81079 1147
1.8108 1148
1.81081 1149
1.81082 1150
1.81083 1151
1.81085 1152
1.81086 1153
1.81089 1156
1.8109 1157
1.81091 1158
1.81093 1159
1.81094 1160
1.81095 1161
1.81096 1162
1.81097 1163
1.81098 1164
1.81099 1165
1.81101 1166
1.81102 1167
1.81103 1168
1.81104 1169
1.81106 1171
1.81107 1172
1.81108 1173
1.8111 1174
1.81111 1175
1.81112 1176
1.81113 1177
1.81114 1178
1.81115 1179
1.81118 1181
1.81119 1182
1.8112 1183
1.81121 1184
1.81122 1185
1.81123 1186
1.81124 1187
1.81125 1188
1.81127 1189
1.81128 1190
1.81129 1191
1.8113 1192
1.81131 1193
1.81132 1194
1.81133 1195
1.81135 1196
1.81136 1197
1.81137 1198
1.81138 1199
1.82137 1200
1.82138 1201
1.82139 1202
1.8214 1203
1.82141 1204
1.82142 1205
1.82143 1206
1.82145 1207
1.82146 1208
1.82148 1210
1.8215 1212
1.82151 1213
1.82154 1215
1.82155 1216
1.82156 1217
1.82157 1218
1.82158 1219
1.82159 1220
1.8216 1221
1.82162 1222
1.82163 1223
1.82164 1224
1.82165 1225
1.82166 1226
1.82167 1227
1.82168 1228
1.8217 1229
1.82172 1231
1.82173 1232
1.82174 1233
1.82175 1234
1.82176 1235
1.82179 1237
1.8218 1238
1.82181 1239
1.82183 1241
1.82184 1242
1.82185 1243
1.82187 1244
1.82188 1245
1.82189 1246
1.8219 1247
1.82191 1248
1.82192 1249
1.82195 1251
1.82196 1252
1.82197 1253
1.82198 1254
1.82199 1255
1.822 1256
1.82201 1257
1.82203 1258
1.82204 1259
1.82205 1260
1.82207 1262
1.82208 1263
1.82209 1264
1.8221 1265
1.82212 1266
1.82213 1267
1.82214 1268
1.82215 1269
1.82217 1271
1.82218 1272
1.8222 1273
1.82221 1274
1.82222 1275
1.82223 1276
1.82224 1277
1.82225 1278
1.82226 1279
1.82228 1280
1.82229 1281
1.8223 1282
1.82231 1283
1.82232 1284
1.82234 1286
1.82235 1287
1.82237 1288
1.82238 1289
1.82239 1290
1.8224 1291
1.82241 1292
1.82242 1293
1.82243 1294
1.82245 1295
1.82246 1296
1.82247 1297
1.82249 1299
1.83248 1300
1.83249 1301
1.8325 1302
1.83251 1303
1.83252 1304
1.83253 1305
1.83255 1306
1.83256 1307
1.83257 1308
1.83258 1309
1.83259 1310
1.8326 1311
1.83261 1312
1.83263 1313
1.83264 1314
1.83266 1316
1.83267 1317
1.83269 1319
1.8327 1320
1.83272 1321
1.83273 1322
1.83274 1323
1.83275 1324
1.83276 1325
1.83277 1326
1.83278 1327
1.8328 1328
1.83281 1329
1.83282 1330
1.83283 1331
1.83284 1332
1.83285 1333
1.83288 1335
1.83289 1336
1.8329 1337
1.83291 1338
1.83292 1339
1.83293 1340
1.83294 1341
1.83297 1343
1.83299 1345
1.833 1346
1.83301 1347
1.83302 1348
1.83303 1349
1.83305 1350
1.83306 1351
1.83308 1353
1.83309 1354
1.8331 1355
1.83311 1356
1.83312 1357
1.83315 1359
1.83316 1360
1.83317 1361
1.83318 1362
1.83319 1363
1.8332 1364
1.83322 1365
1.83323 1366
1.83324 1367
1.83325 1368
1.83327 1370
1.83328 1371
1.8333 1372
1.83331 1373
1.83332 1374
1.83333 1375
1.83334 1376
1.83335 1377
1.83336 1378
1.83337 1379
1.83339 1380
1.8334 1381
1.83341 1382
1.83342 1383
1.83343 1384
1.83344 1385
1.83345 1386
1.83348 1388
1.83349 1389
1.8335 1390
1.83351 1391
1.83352 1392
1.83353 1393
1.83355 1394
1.83356 1395
1.83357 1396
1.83358 1397
1.83359 1398
1.8336 1399
1.84359 1400
1.84361 1402
1.84363 1404
1.84365 1405
1.84366 1406
1.84367 1407
1.84368 1408
1.84369 1409
1.8437 1410
1.84371 1411
1.84372 1412
1.84374 1413
1.84375 1414
1.84376 1415
1.84377 1416
1.84378 1417
1.8438 1419
1.84382 1420
1.84384 1422
1.84385 1423
1.84386 1424
1.84387 1425
1.84388 1426
1.84391 1428
1.84392 1429
1.84394 1431
1.84395 1432
1.84396 1433
1.84397 1434
1.844 1436
1.84401 1437
1.84402 1438
1.84403 1439
1.84404 1440
1.84405 1441
1.84407 1442
1.84408 1443
1.84409 1444
1.8441 1445
1.84412 1447
1.84413 1448
1.84415 1449
1.84416 1450
1.84417 1451
1.84418 1452
1.84419 1453
1.8442 1454
1.84421 1455
1.84422 1456
1.84424 1457
1.84425 1458
1.84426 1459
1.84427 1460
1.84428 1461
1.84429 1462
1.84432 1464
1.84433 1465
1.84434 1466
1.84435 1467
1.84436 1468
1.84437 1469
1.84438 1470
1.8444 1471
1.84441 1472
1.84442 1473
1.84444 1475
1.84445 1476
1.84446 1477
1.84447 1478
1.84449 1479
1.8445 1480
1.84451 1481
1.84452 1482
1.84453 1483
1.84454 1484
1.84457 1486
1.84458 1487
1.8446 1489
1.84461 1490
1.84463 1492
1.84465 1493
1.84466 1494
1.84467 1495
1.84468 1496
1.84469 1497
1.8447 1498
1.84471 1499
1.85471 1501
1.85472 1502
1.85473 1503
1.85477 1506
1.85478 1507
1.85479 1508
1.8548 1509
1.85481 1510
1.85482 1511
1.85484 1512
1.85485 1513
1.85486 1514
1.85487 1515
1.85488 1516
1.85489 1517
1.8549 1518
1.85492 1519
1.85493 1520
1.85494 1521
1.85496 1523
1.85497 1524
1.85498 1525
1.855 1526
1.85503 1529
1.85504 1530
1.85505 1531
1.85506 1532
1.85507 1533
1.8551 1535
1.85512 1537
1.85513 1538
1.85515 1540
1.85517 1541
1.85518 1542
1.8552 1544
1.85521 1545
1.85522 1546
1.85524 1548
1.85526 1549
1.85527 1550
1.85528 1551
1.85529 1552
1.8553 1553
1.85531 1554
1.85534 1556
1.85535 1557
1.85536 1558
1.85537 1559
1.85538 1560
1.85539 1561
1.8554 1562
1.85542 1563
1.85543 1564
1.85544 1565
1.85545 1566
1.85546 1567
1.85547 1568
1.85548 1569
1.85549 1570
1.85551 1571
1.85553 1573
1.85554 1574
1.85555 1575
1.85556 1576
1.85557 1577
1.85559 1578
1.8556 1579
1.85561 1580
1.85562 1581
1.85563 1582
1.85564 1583
1.85565 1584
1.85568 1586
1.85569 1587
1.85571 1589
1.85572 1590
1.85573 1591
1.85574 1592
1.85576 1593
1.85579 1596
1.8558 1597
1.85581 1598
1.86581 1600
1.86583 1602
1.86584 1603
1.86586 1604
1.86587 1605
1.86588 1606
1.86589 1607
1.86591 1609
1.86592 1610
1.86594 1611
1.86595 1612
1.86596 1613
1.86597 1614
1.86598 1615
1.86599 1616
1.866 1617
1.86602 1618
1.86604 1620
1.86605 1621
1.86607 1623
1.86608 1624
1.86609 1625
1.86612 1627
1.86613 1628
1.86614 1629
1.86615 1630
1.86616 1631
1.86617 1632
1.86619 1633
1.8662 1634
1.86621 1635
1.86622 1636
1.86624 1638
1.86625 1639
1.86627 1640
1.86628 1641
1.86629 1642
1.8663 1643
1.86631 1644
1.86632 1645
1.86633 1646
1.86634 1647
1.86636 1648
1.86637 1649
1.86638 1650
1.86639 1651
1.8664 1652
1.86641 1653
1.86642 1654
1.86644 1655
1.86645 1656
1.86646 1657
1.86647 1658
1.86648 1659
1.86649 1660
1.8665 1661
1.86652 1662
1.86653 1663
1.86654 1664
1.86655 1665
1.86657 1667
1.86658 1668
1.86659 1669
1.86661 1670
1.86662 1671
1.86663 1672
1.86664 1673
1.86665 1674
1.86666 1675
1.86667 1676
1.8667 1678
1.86671 1679
1.86672 1680
1.86673 1681
1.86674 1682
1.86675 1683
1.86677 1684
1.86678 1685
1.86679 1686
1.8668 1687
1.86681 1688
1.86682 1689
1.86683 1690
1.86684 1691
1.86686 1692
1.86687 1693
1.86688 1694
1.86689 1695
1.8669 1696
1.86691 1697
1.86692 1698
1.86694 1699
1.87692 1700
1.87693 1701
1.87694 1702
1.87696 1703
1.87697 1704
1.87698 1705
1.87699 1706
1.877 1707
1.87701 1708
1.87702 1709
1.87704 1710
1.87705 1711
1.87706 1712
1.87707 1713
1.87708 1714
1.87709 1715
1.8771 1716
1.87712 1717
1.87714 1719
1.87715 1720
1.87716 1721
1.87717 1722
1.87718 1723
1.87719 1724
1.87721 1725
1.87722 1726
1.87723 1727
1.87724 1728
1.87725 1729
1.87726 1730
1.87727 1731
1.87729 1732
1.8773 1733
1.87731 1734
1.87732 1735
1.87733 1736
1.87734 1737
1.87735 1738
1.87736 1739
1.87738 1740
1.87739 1741
1.8774 1742
1.87741 1743
1.87742 1744
1.87743 1745
1.87744 1746
1.87746 1747
1.87747 1748
1.87748 1749
1.87749 1750
1.8775 1751
1.87751 1752
1.87752 1753
1.87755 1755
1.87756 1756
1.87757 1757
1.87758 1758
1.87759 1759
1.8776 1760
1.87761 1761
1.87763 1762
1.87764 1763
1.87765 1764
1.87766 1765
1.87767 1766
1.87768 1767
1.87769 1768
1.87771 1769
1.87772 1770
1.87773 1771
1.87774 1772
1.87775 1773
1.87776 1774
1.87777 1775
1.87779 1776
1.8778 1777
1.87781 1778
1.87782 1779
1.87783 1780
1.87784 1781
1.87785 1782
1.87786 1783
1.87788 1784
1.87789 1785
1.87791 1787
1.87792 1788
1.87793 1789
1.87794 1790
1.87796 1791
1.87797 1792
1.87798 1793
1.87799 1794
1.878 1795
1.87802 1797
1.87804 1798
1.87805 1799
1.88803 1800
1.88804 1801
1.88806 1802
1.88807 1803
1.88808 1804
1.88809 1805
1.88811 1807
1.88812 1808
1.88814 1809
1.88816 1811
1.88817 1812
1.88818 1813
1.88819 1814
1.8882 1815
1.88821 1816
1.88823 1817
1.88824 1818
1.88825 1819
1.88826 1820
1.88827 1821
1.88828 1822
1.88829 1823
1.88831 1824
1.88833 1826
1.88834 1827
1.88835 1828
1.88836 1829
1.88837 1830
1.88839 1831
1.8884 1832
1.88841 1833
1.88842 1834
1.88843 1835
1.88844 1836
1.88845 1837
1.88846 1838
1.88848 1839
1.88849 1840
1.88851 1842
1.88852 1843
1.88853 1844
1.88854 1845
1.88856 1846
1.88857 1847
1.88858 1848
1.88859 1849
1.8886 1850
1.88861 1851
1.88862 1852
1.88864 1853
1.88865 1854
1.88867 1856
1.88868 1857
1.8887 1859
1.88871 1860
1.88873 1861
1.88874 1862
1.88875 1863
1.88876 1864
1.88877 1865
1.88878 1866
1.88879 1867
1.88881 1868
1.88882 1869
1.88883 1870
1.88884 1871
1.88885 1872
1.88886 1873
1.88887 1874
1.8889 1876
1.88891 1877
1.88892 1878
1.88893 1879
1.88894 1880
1.88895 1881
1.88896 1882
1.88898 1883
1.88899 1884
1.889 1885
1.88901 1886
1.88902 1887
1.88903 1888
1.88904 1889
1.88907 1891
1.88908 1892
1.8891 1894
1.88911 1895
1.88912 1896
1.88913 1897
1.88915 1898
1.88916 1899
1.89914 1900
1.89916 1901
1.89917 1902
1.89918 1903
1.89919 1904
1.8992 1905
1.89921 1906
1.89922 1907
1.89924 1908
1.89925 1909
1.89926 1910
1.89927 1911
1.89928 1912
1.89929 1913
1.8993 1914
1.89931 1915
1.89933 1916
1.89934 1917
1.89935 1918
1.89936 1919
1.89937 1920
1.89938 1921
1.89939 1922
1.89941 1923
1.89942 1924
1.89943 1925
1.89944 1926
1.89945 1927
1.89946 1928
1.89947 1929
1.89948 1930
1.8995 1931
1.89952 1933
1.89953 1934
1.89954 1935
1.89955 1936
1.89956 1937
1.89958 1938
1.89959 1939
1.8996 1940
1.89961 1941
1.89962 1942
1.89964 1944
1.89966 1945
1.89967 1946
1.89968 1947
1.89969 1948
1.89971 1950
1.89973 1952
1.89975 1953
1.89976 1954
1.89977 1955
1.89978 1956
1.89979 1957
1.8998 1958
1.89981 1959
1.89983 1960
1.89984 1961
1.89985 1962
1.89986 1963
1.89987 1964
1.89988 1965
1.89989 1966
1.89991 1967
1.89992 1968
1.89993 1969
1.89994 1970
1.89995 1971
1.89996 1972
1.89997 1973
1.89998 1974
1.9 1975
1.90001 1976
1.90002 1977
1.90003 1978
1.90004 1979
1.90005 1980
1.90008 1982
1.90009 1983
1.9001 1984
1.90011 1985
1.90012 1986
1.90013 1987
1.90014 1988
1.90016 1989
1.90017 1990
1.90018 1991
1.90019 1992
1.9002 1993
1.90021 1994
1.90022 1995
1.90023 1996
1.90025 1997
1.90026 1998
1.91026 2000
1.91027 2001
1.91028 2002
1.9103 2004
1.91031 2005
1.91032 2006
1.91033 2007
1.91036 2009
1.91037 2010
1.91038 2011
1.91039 2012
1.9104 2013
1.91041 2014
1.91044 2016
1.91045 2017
1.91046 2018
1.91047 2019
1.91048 2020
1.91049 2021
1.91051 2022
1.91052 2023
1.91053 2024
1.91054 2025
1.91055 2026
1.91056 2027
1.91057 2028
1.91058 2029
1.9106 2030
1.91062 2032
1.91063 2033
1.91064 2034
1.91065 2035
1.91066 2036
1.91068 2037
1.91069 2038
1.9107 2039
1.91071 2040
1.91072 2041
1.91073 2042
1.91074 2043
1.91076 2044
1.91077 2045
1.91078 2046
1.91079 2047
1.91081 2049
1.91082 2050
1.91083 2051
1.91085 2052
1.91086 2053
1.91087 2054
1.91088 2055
1.9109 2057
1.91091 2058
1.91093 2059
1.91094 2060
1.91095 2061
1.91096 2062
1.91097 2063
1.91099 2065
1.91101 2066
1.91102 2067
1.91104 2069
1.91105 2070
1.91106 2071
1.91107 2072
1.91108 2073
1.9111 2074
1.91111 2075
1.91112 2076
1.91113 2077
1.91114 2078
1.91115 2079
1.91116 2080
1.91118 2081
1.91119 2082
1.91121 2084
1.91122 2085
1.91123 2086
1.91124 2087
1.91125 2088
1.91127 2089
1.91129 2091
1.9113 2092
1.91132 2094
1.91133 2095
1.91135 2096
1.91136 2097
1.91137 2098
1.92137 2100
1.92138 2101
1.92139 2102
1.9214 2103
1.92141 2104
1.92143 2106
1.92145 2107
1.92146 2108
1.92147 2109
1.92148 2110
1.92149 2111
1.9215 2112
1.92153 2114
1.92154 2115
1.92155 2116
1.92156 2117
1.92157 2118
1.92158 2119
1.92159 2120
1.9216 2121
1.92162 2122
1.92163 2123
1.92164 2124
1.92165 2125
1.92166 2126
1.92168 2128
1.92171 2130
1.92172 2131
1.92173 2132
1.92174 2133
1.92175 2134
1.92176 2135
1.92178 2136
1.92179 2137
1.9218 2138
1.92181 2139
1.92182 2140
1.92183 2141
1.92184 2142
1.92185 2143
1.92187 2144
1.92188 2145
1.92189 2146
1.9219 2147
1.92191 2148
1.92192 2149
1.92195 2151
1.92196 2152
1.92197 2153
1.92198 2154
1.92199 2155
1.922 2156
1.92201 2157
1.92203 2158
1.92204 2159
1.92205 2160
1.92206 2161
1.92207 2162
1.92208 2163
1.9221 2165
1.92212 2166
1.92213 2167
1.92214 2168
1.92215 2169
1.92216 2170
1.92217 2171
1.9222 2173
1.92221 2174
1.92222 2175
1.92223 2176
1.92224 2177
1.92226 2179
1.92228 2180
1.92229 2181
1.9223 2182
1.92231 2183
1.92232 2184
1.92233 2185
1.92234 2186
1.92235 2187
1.92237 2188
1.92238 2189
1.92239 2190
1.92241 2192
1.92242 2193
1.92243 2194
1.92245 2195
1.92246 2196
1.92247 2197
1.92248 2198
1.92249 2199
1.93249 2201
1.9325 2202
1.93251 2203
1.93252 2204
1.93253 2205
1.93255 2206
1.93256 2207
1.93257 2208
1.93259 2210
1.9326 2211
1.93261 2212
1.93263 2213
1.93264 2214
1.93265 2215
1.93266 2216
1.93267 2217
1.93268 2218
1.93269 2219
1.9327 2220
1.93272 2221
1.93273 2222
1.93274 2223
1.93275 2224
1.93276 2225
1.93277 2226
1.93278 2227
1.9328 2228
1.93281 2229
1.93283 2231
1.93284 2232
1.93286 2234
1.93288 2235
1.9329 2237
1.93291 2238
1.93292 2239
1.93293 2240
1.93295 2242
1.93297 2243
1.93298 2244
1.93299 2245
1.933 2246
1.93301 2247
1.93302 2248
1.93305 2250
1.93306 2251
1.93308 2253
1.93309 2254
1.9331 2255
1.93311 2256
1.93314 2258
1.93315 2259
1.93316 2260
1.93317 2261
1.93318 2262
1.93319 2263
1.9332 2264
1.93322 2265
1.93323 2266
1.93324 2267
1.93325 2268
1.93326 2269
1.93327 2270
1.93328 2271
1.9333 2272
1.93331 2273
1.93332 2274
1.93333 2275
1.93336 2278
1.93337 2279
1.93339 2280
1.9334 2281
1.93341 2282
1.93342 2283
1.93343 2284
1.93344 2285
1.93345 2286
1.93347 2287
1.93348 2288
1.93349 2289
1.9335 2290
1.93351 2291
1.93353 2293
1.93355 2294
1.93356 2295
1.93357 2296
1.93358 2297
1.93359 2298
1.9336 2299
1.94359 2300
1.9436 2301
1.94361 2302
1.94362 2303
1.94365 2305
1.94366 2306
1.94367 2307
1.94368 2308
1.94369 2309
1.9437 2310
1.94371 2311
1.94372 2312
1.94374 2313
1.94375 2314
1.94376 2315
1.94377 2316
1.94378 2317
1.94379 2318
1.9438 2319
1.94382 2320
1.94383 2321
1.94384 2322
1.94386 2324
1.94387 2325
1.94388 2326
1.94391 2328
1.94392 2329
1.94393 2330
1.94395 2332
1.94397 2334
1.94399 2335
1.944 2336
1.94401 2337
1.94402 2338
1.94403 2339
1.94404 2340
1.94405 2341
1.94407 2342
1.94408 2343
1.94409 2344
1.9441 2345
1.94411 2346
1.94412 2347
1.94413 2348
1.94415 2349
1.94416 2350
1.94417 2351
1.94418 2352
1.94419 2353
1.94421 2355
1.94422 2356
1.94424 2357
1.94426 2359
1.94427 2360
1.94428 2361
1.94429 2362
1.9443 2363
1.94432 2364
1.94434 2366
1.94435 2367
1.94436 2368
1.94437 2369
1.94438 2370
1.9444 2371
1.94441 2372
1.94442 2373
1.94443 2374
1.94444 2375
1.94445 2376
1.94446 2377
1.94447 2378
1.9445 2380
1.94451 2381
1.94452 2382
1.94453 2383
1.94454 2384
1.94455 2385
1.94457 2386
1.94458 2387
1.94459 2388
1.9446 2389
1.94461 2390
1.94462 2391
1.94463 2392
1.94465 2393
1.94466 2394
1.94467 2395
1.94468 2396
1.9447 2398
1.94471 2399
1.9547 2400
1.95472 2402
1.95473 2403
1.95475 2404
1.95476 2405
1.95477 2406
1.95479 2408
1.9548 2409
1.95481 2410
1.95482 2411
1.95484 2412
1.95485 2413
1.95486 2414
1.95487 2415
1.95488 2416
1.95489 2417
1.9549 2418
1.95492 2419
1.95493 2420
1.95495 2422
1.95496 2423
1.95497 2424
1.95498 2425
1.95501 2427
1.95502 2428
1.95507 2433
1.9551 2435
1.95511 2436
1.95512 2437
1.95513 2438
1.95514 2439
1.95515 2440
1.95517 2441
1.95518 2442
1.95519 2443
1.95521 2445
1.95522 2446
1.95523 2447
1.95527 2450
1.95528 2451
1.9553 2453
1.95531 2454
1.95532 2455
1.95535 2457
1.95536 2458
1.95537 2459
1.95538 2460
1.95539 2461
1.9554 2462
1.95542 2463
1.95543 2464
1.95545 2466
1.95546 2467
1.95547 2468
1.95548 2469
1.95549 2470
1.95551 2471
1.95552 2472
1.95554 2474
1.95555 2475
1.95556 2476
1.95557 2477
1.95559 2478
1.9556 2479
1.95561 2480
1.95563 2482
1.95564 2483
1.95565 2484
1.95567 2485
1.95568 2486
1.95569 2487
1.9557 2488
1.95572 2490
1.95573 2491
1.95574 2492
1.95576 2493
1.95577 2494
1.95578 2495
1.95581 2498
1.95582 2499
1.96581 2500
1.96582 2501
1.96584 2503
1.96587 2505
1.96588 2506
1.96589 2507
1.9659 2508
1.96591 2509
1.96592 2510
1.96595 2512
1.96596 2513
1.96597 2514
1.96598 2515
1.96599 2516
1.966 2517
1.96602 2518
1.96604 2520
1.96605 2521
1.96607 2523
1.96608 2524
1.96609 2525
1.96611 2526
1.96612 2527
1.96613 2528
1.96614 2529
1.96615 2530
1.96616 2531
1.96617 2532
1.96619 2533
1.9662 2534
1.96621 2535
1.96622 2536
1.96623 2537
1.96624 2538
1.96625 2539
1.96627 2540
1.96628 2541
1.96629 2542
1.96631 2544
1.96632 2545
1.96633 2546
1.96634 2547
1.96636 2548
1.96637 2549
1.96638 2550
1.96639 2551
1.9664 2552
1.96641 2553
1.96642 2554
1.96644 2555
1.96645 2556
1.96646 2557
1.96647 2558
1.96648 2559
1.96649 2560
1.9665 2561
1.96652 2562
1.96653 2563
1.96654 2564
1.96655 2565
1.96657 2567
1.96659 2569
1.96661 2570
1.96662 2571
1.96663 2572
1.96664 2573
1.96665 2574
1.96666 2575
1.96667 2576
1.96669 2577
1.9667 2578
1.96671 2579
1.96672 2580
1.96673 2581
1.96674 2582
1.96675 2583
1.96677 2584
1.96678 2585
1.96679 2586
1.9668 2587
1.96681 2588
1.96682 2589
1.96683 2590
1.96684 2591
1.96686 2592
1.96687 2593
1.96688 2594
1.96689 2595
1.9669 2596
1.96691 2597
1.96692 2598
1.96694 2599
1.97692 2600
1.97693 2601
1.97694 2602
1.97696 2603
1.97697 2604
1.97698 2605
1.97699 2606
1.977 2607
1.97701 2608
1.97702 2609
1.97704 2610
1.97705 2611
1.97706 2612
1.97707 2613
1.97708 2614
1.97709 2615
1.9771 2616
1.97712 2617
1.97713 2618
1.97714 2619
1.97715 2620
1.97716 2621
1.97717 2622
1.97718 2623
1.97719 2624
1.97721 2625
1.97722 2626
1.97723 2627
1.97724 2628
1.97725 2629
1.97726 2630
1.97727 2631
1.97729 2632
1.9773 2633
1.97731 2634
1.97732 2635
1.97733 2636
1.97734 2637
1.97736 2639
1.97738 2640
1.97739 2641
1.9774 2642
1.97743 2645
1.97744 2646
1.97746 2647
1.97747 2648
1.97749 2650
1.9775 2651
1.97751 2652
1.97752 2653
1.97754 2654
1.97755 2655
1.97756 2656
1.97757 2657
1.97758 2658
1.97759 2659
1.9776 2660
1.97761 2661
1.97763 2662
1.97764 2663
1.97765 2664
1.97766 2665
1.97767 2666
1.97768 2667
1.97769 2668
1.97771 2669
1.97773 2671
1.97774 2672
1.97775 2673
1.97777 2675
1.9778 2677
1.97781 2678
1.97782 2679
1.97783 2680
1.97784 2681
1.97788 2684
1.97789 2685
1.9779 2686
1.97791 2687
1.97792 2688
1.97793 2689
1.97794 2690
1.97796 2691
1.97797 2692
1.97798 2693
1.97799 2694
1.978 2695
1.97801 2696
1.97802 2697
1.97804 2698
1.97805 2699
1.98806 2702
1.98807 2703
1.98808 2704
1.9881 2706
1.98811 2707
1.98812 2708
1.98814 2709
1.98816 2711
1.98817 2712
1.98819 2714
1.9882 2715
1.98823 2717
1.98824 2718
1.98825 2719
1.98826 2720
1.98829 2723
1.98831 2724
1.98832 2725
1.98833 2726
1.98834 2727
1.98835 2728
1.98836 2729
1.98837 2730
1.98839 2731
1.98841 2733
1.98842 2734
1.98843 2735
1.98844 2736
1.98845 2737
1.98846 2738
1.98849 2740
1.9885 2741
1.98851 2742
1.98852 2743
1.98853 2744
1.98854 2745
1.98856 2746
1.98857 2747
1.98859 2749
1.9886 2750
1.98862 2752
1.98864 2753
1.98865 2754
1.98866 2755
1.98867 2756
1.98868 2757
1.98869 2758
1.9887 2759
1.98871 2760
1.98873 2761
1.98874 2762
1.98875 2763
1.98876 2764
1.98877 2765
1.98878 2766
1.98879 2767
1.98881 2768
1.98882 2769
1.98883 2770
1.98884 2771
1.98885 2772
1.98886 2773
1.98887 2774
1.98889 2775
1.9889 2776
1.98891 2777
1.98892 2778
1.98894 2780
1.98895 2781
1.98896 2782
1.98898 2783
1.98899 2784
1.989 2785
1.98901 2786
1.98902 2787
1.98903 2788
1.98904 2789
1.98906 2790
1.98907 2791
1.98908 2792
1.98909 2793
1.9891 2794
1.98911 2795
1.98912 2796
1.98913 2797
1.98915 2798
1.98916 2799
1.99914 2800
1.99916 2801
1.99917 2802
1.99919 2804
1.9992 2805
1.99921 2806
1.99922 2807
1.99924 2808
1.99925 2809
1.99926 2810
1.99928 2812
1.99929 2813
1.9993 2814
1.99931 2815
1.99934 2817
1.99935 2818
1.99936 2819
1.99937 2820
1.99938 2821
1.99939 2822
1.99941 2823
1.99942 2824
1.99943 2825
1.99944 2826
1.99945 2827
1.99946 2828
1.99947 2829
1.99948 2830
1.9995 2831
1.99951 2832
1.99952 2833
1.99954 2835
1.99955 2836
1.99956 2837
1.99958 2838
1.99959 2839
1.99961 2841
1.99962 2842
1.99963 2843
1.99964 2844
1.99966 2845
1.99967 2846
1.9997 2849
1.99971 2850
1.99972 2851
1.99973 2852
1.99975 2853
1.99976 2854
1.99977 2855
1.99978 2856
1.99979 2857
1.9998 2858
1.99981 2859
1.99983 2860
1.99984 2861
1.99985 2862
1.99986 2863
1.99989 2866
1.99991 2867
1.99992 2868
1.99993 2869
1.99994 2870
1.99995 2871
1.99996 2872
1.99997 2873
1.99998 2874
2 2875
