1.02801 0
1.02801 5
1.02802 8
1.02802 10
1.02802 13
1.02802 15
1.02803 16
1.02803 17
1.02803 24
1.02804 28
1.02805 34
1.02805 42
1.02807 56
1.02808 66
1.02809 69
1.02809 71
1.02809 73
1.02809 77
1.0281 83
1.0281 85
1.02811 87
1.02811 88
1.02811 92
1.02812 96
1.03912 101
1.03912 102
1.03913 111
1.03913 112
1.03913 113
1.03914 119
1.03914 120
1.03914 121
1.03915 132
1.03916 133
1.03916 135
1.03917 145
1.03917 150
1.03918 151
1.03918 153
1.03918 158
1.03918 159
1.03919 160
1.03919 162
1.03919 164
1.03919 165
1.0392 168
1.0392 173
1.03921 178
1.03921 183
1.03922 194
1.03923 197
1.03923 199
1.05024 211
1.05025 215
1.05026 223
1.05027 234
1.05027 237
1.05028 243
1.05029 258
1.0503 266
1.05031 268
1.05032 278
1.05033 287
1.06134 300
1.06135 312
1.06136 315
1.06136 320
1.06137 323
1.06138 338
1.06139 348
1.0614 351
1.0614 355
1.0614 357
1.06141 362
1.06142 368
1.06142 374
1.06143 377
1.06143 379
1.06144 387
1.06144 390
1.06144 392
1.06145 394
1.07245 403
1.07246 412
1.07247 413
1.07248 424
1.07248 427
1.0725 445
1.07251 449
1.07251 453
1.07251 455
1.07251 456
1.07252 462
1.07253 466
1.07253 468
1.07254 475
1.07254 476
1.07254 478
1.07255 483
1.07255 485
1.07255 489
1.07255 491
1.07256 497
1.07256 498
1.08357 504
1.08357 506
1.08357 510
1.08357 511
1.08358 518
1.08359 524
1.08359 527
1.08359 528
1.08361 539
1.08361 540
1.08361 541
1.08362 554
1.08362 555
1.08363 559
1.08363 562
1.08363 563
1.08364 567
1.08365 578
1.08365 579
1.08366 582
1.08366 589
1.08367 592
1.08367 596
1.08367 599
1.09468 607
1.09469 612
1.09469 615
1.09469 618
1.0947 624
1.09471 633
1.09473 646
1.09473 648
1.09473 650
1.09474 658
1.09475 664
1.09475 666
1.09475 668
1.09475 669
1.09476 673
1.09476 676
1.09477 683
1.09477 685
1.09478 695
1.09478 696
1.10579 704
1.1058 711
1.1058 716
1.1058 717
1.10581 724
1.10581 725
1.10581 726
1.10582 732
1.10583 737
1.10583 740
1.10583 743
1.10584 745
1.10584 749
1.10584 750
1.10585 757
1.10586 767
1.10586 768
1.10586 770
1.10587 772
1.10587 773
1.10587 774
1.10587 775
1.10588 781
1.10588 784
1.10588 785
1.10588 786
1.10588 788
1.10589 789
1.10589 790
1.10589 797
1.1059 798
1.1169 9
1.11691 22
1.11691 23
1.11691 25
1.11692 26
1.11692 36
1.11695 57
1.11695 58
1.11695 62
1.11695 65
1.11697 80
1.11697 81
1.11697 84
1.11698 802
1.11699 805
1.11699 807
1.117 812
1.117 813
1.12801 1
1.12802 12
1.12802 18
1.12803 27
1.12803 29
1.12804 36
1.12804 37
1.12804 39
1.12804 43
1.12804 45
1.12805 48
1.12805 50
1.12807 70
1.12808 79
1.12808 81
1.12808 82
1.12808 86
1.12809 91
1.12809 98
1.1281 104
1.1281 105
1.1281 108
1.1281 114
1.12811 116
1.12813 143
1.12814 152
1.12814 155
1.12814 163
1.12814 166
1.12815 169
1.12816 182
1.12817 189
1.12817 191
1.13913 12
1.13913 20
1.13914 27
1.13914 32
1.13914 33
1.13915 35
1.13915 39
1.13916 52
1.13916 53
1.13918 68
1.13918 76
1.13919 84
1.13921 104
1.13921 106
1.13921 110
1.13922 115
1.13922 116
1.13922 123
1.13923 130
1.13923 138
1.13924 140
1.13924 142
1.13925 148
1.13925 149
1.13926 170
1.13926 174
1.13926 175
1.13928 198
1.15023 2
1.15024 14
1.15024 19
1.15025 31
1.15025 33
1.15025 35
1.15027 50
1.15028 76
1.15029 89
1.1503 103
1.15033 136
1.15034 147
1.15034 152
1.15034 154
1.15035 155
1.15035 169
1.15036 171
1.15036 174
1.15036 176
1.15036 177
1.15037 185
1.15037 189
1.15039 209
1.15039 212
1.1504 214
1.15041 227
1.15041 228
1.15041 229
1.15042 239
1.15043 244
1.15043 245
1.15043 246
1.15044 256
1.15044 257
1.15045 264
1.15045 270
1.15046 281
1.15047 288
1.15047 289
1.15047 291
1.15048 294
1.15048 296
1.16134 2
1.16134 3
1.16137 51
1.16137 53
1.16138 64
1.16138 72
1.16138 74
1.16139 93
1.16139 95
1.16139 103
1.1614 110
1.1614 115
1.1614 123
1.16141 127
1.16141 128
1.16142 139
1.16142 141
1.16143 149
1.16143 156
1.16144 174
1.16145 185
1.16146 196
1.16147 207
1.16147 216
1.16148 219
1.16148 224
1.16149 232
1.1615 246
1.1615 247
1.16151 248
1.16151 249
1.16151 251
1.16151 254
1.16152 264
1.16153 269
1.16154 277
1.16154 279
1.16154 282
1.16155 296
1.16156 298
1.16156 303
1.16158 321
1.16158 325
1.16159 333
1.16159 334
1.1616 343
1.16161 352
1.16161 358
1.16162 365
1.16163 372
1.16163 375
1.16163 380
1.16164 383
1.17245 2
1.17245 6
1.17246 7
1.17246 19
1.17246 38
1.17246 40
1.17247 41
1.17247 44
1.17247 47
1.17248 59
1.17248 64
1.17248 67
1.17248 74
1.17248 75
1.17249 95
1.17249 99
1.1725 117
1.1725 122
1.17252 146
1.17253 176
1.17254 190
1.17255 209
1.17256 210
1.17256 217
1.17256 220
1.17257 221
1.17257 222
1.17258 238
1.17259 241
1.17259 242
1.17259 244
1.1726 255
1.1726 260
1.17261 267
1.17261 271
1.17262 273
1.17262 275
1.17263 284
1.17264 293
1.17264 294
1.17264 296
1.17264 297
1.17265 303
1.17265 305
1.17265 308
1.17266 311
1.17266 318
1.17266 321
1.17267 322
1.17267 326
1.17267 328
1.17267 329
1.17268 339
1.17269 343
1.17269 344
1.17269 346
1.17269 350
1.1727 352
1.17271 364
1.17271 369
1.17271 370
1.17271 371
1.17272 378
1.17272 384
1.17272 385
1.17273 397
1.17274 398
1.17275 408
1.17275 409
1.17275 410
1.17275 414
1.17275 417
1.17276 426
1.17277 430
1.17277 433
1.17277 436
1.17278 439
1.17278 447
1.17279 450
1.17279 452
1.18357 21
1.18357 44
1.18357 46
1.18358 51
1.18359 75
1.1836 107
1.18361 122
1.18361 126
1.18361 128
1.18362 156
1.18365 204
1.18365 205
1.18365 206
1.18365 207
1.18366 218
1.18366 225
1.18366 230
1.18367 231
1.18367 232
1.18367 233
1.18368 254
1.18369 261
1.18369 269
1.1837 273
1.1837 275
1.18372 303
1.18372 305
1.18373 313
1.18374 318
1.18374 327
1.18375 328
1.18376 343
1.18377 358
1.18378 363
1.18378 366
1.18379 371
1.18379 375
1.1838 384
1.1838 393
1.18382 407
1.18382 410
1.18383 422
1.18384 429
1.18384 434
1.18385 437
1.18385 438
1.18386 446
1.18386 447
1.18387 458
1.18387 465
1.18388 477
1.18389 484
1.18389 493
1.1839 494
1.1839 500
1.18391 509
1.18391 515
1.18392 519
1.18392 525
1.19467 6
1.19468 21
1.19468 30
1.19468 38
1.19469 49
1.1947 78
1.1947 97
1.1947 107
1.19471 109
1.19471 124
1.19472 134
1.19472 157
1.19472 167
1.19472 172
1.19473 186
1.19473 187
1.19475 221
1.19475 222
1.19476 226
1.19476 236
1.19477 250
1.19477 255
1.19477 260
1.19478 276
1.19479 280
1.19479 293
1.1948 299
1.1948 304
1.19481 309
1.19481 311
1.19481 316
1.19482 319
1.19482 327
1.19482 331
1.19483 337
1.19483 342
1.19484 347
1.19485 366
1.19485 367
1.19485 370
1.19486 378
1.19486 382
1.19487 389
1.19487 391
1.19487 395
1.19487 397
1.19487 399
1.19488 401
1.19489 414
1.19491 432
1.19491 435
1.19492 443
1.19492 444
1.19492 446
1.19494 467
1.19494 470
1.19495 481
1.19495 487
1.19497 505
1.19497 512
1.19498 514
1.19498 517
1.19498 519
1.19498 522
1.19499 533
1.195 538
1.19501 551
1.19501 552
1.19501 557
1.19502 568
1.19502 569
1.19503 573
1.19503 574
1.20579 46
1.20579 55
1.20579 61
1.2058 97
1.20581 124
1.20581 126
1.20582 157
1.20582 167
1.20583 193
1.20583 202
1.20584 204
1.20584 206
1.20584 226
1.20585 250
1.20585 252
1.20586 262
1.20587 290
1.20588 307
1.20589 330
1.20591 360
1.20591 363
1.20591 366
1.20592 391
1.20593 399
1.20593 401
1.20594 421
1.20594 425
1.20595 435
1.20596 442
1.20596 448
1.20596 451
1.20597 457
1.20597 458
1.20597 459
1.20597 464
1.20598 472
1.20599 490
1.20599 492
1.20599 493
1.206 495
1.20601 507
1.20601 515
1.20601 516
1.20602 517
1.20602 523
1.20602 526
1.20603 538
1.20604 545
1.20605 561
1.20606 565
1.20606 566
1.20608 591
1.20608 593
1.20609 598
1.20609 608
1.2061 609
1.2061 613
1.2061 619
1.2061 620
1.20611 621
1.20611 622
1.20611 625
1.2169 60
1.21691 78
1.21691 94
1.21691 97
1.21692 125
1.21692 157
1.21692 161
1.21693 180
1.21693 181
1.21693 184
1.21693 186
1.21693 188
1.21694 203
1.21694 226
1.21695 235
1.21695 250
1.21696 265
1.21696 285
1.21696 286
1.21697 295
1.21697 299
1.21697 304
1.21698 324
1.217 373
1.21701 389
1.21702 400
1.21702 401
1.21703 415
1.21703 420
1.21704 432
1.21704 442
1.21705 457
1.21705 461
1.21706 469
1.21706 472
1.21706 473
1.21706 474
1.21708 502
1.21708 503
1.21708 505
1.21708 512
1.21708 513
1.21709 514
1.21709 516
1.21709 522
1.21709 526
1.2171 532
1.2171 537
1.21712 552
1.21713 565
1.21713 571
1.21714 584
1.21715 594
1.21715 595
1.21716 598
1.21717 614
1.21718 620
1.21718 623
1.21718 629
1.21719 631
1.21719 632
1.21719 635
1.2172 640
1.2172 649
1.22801 54
1.22802 131
1.22802 137
1.22802 144
1.22804 240
1.22805 283
1.22807 330
1.22807 332
1.22808 353
1.22808 360
1.22808 361
1.22809 388
1.22809 402
1.2281 415
1.22812 461
1.22812 464
1.22813 474
1.22813 479
1.22813 488
1.22814 496
1.22814 502
1.22815 513
1.22815 516
1.22815 526
1.22815 530
1.22816 537
1.22817 548
1.22817 549
1.22818 560
1.22818 570
1.22819 575
1.22819 581
1.2282 591
1.2282 594
1.22821 600
1.22821 604
1.22822 611
1.22822 613
1.22822 617
1.22823 628
1.22823 630
1.22824 634
1.22825 643
1.22825 647
1.22826 653
1.22826 662
1.22827 667
1.22827 674
1.22828 684
1.22828 686
1.23912 4
1.23913 100
1.23913 125
1.23913 129
1.23914 195
1.23915 203
1.23915 240
1.23916 286
1.23917 332
1.23918 341
1.23918 345
1.23918 359
1.23918 373
1.23919 396
1.23919 402
1.2392 415
1.23922 474
1.23922 482
1.23923 502
1.23924 536
1.23924 537
1.23925 543
1.23925 548
1.23926 558
1.23927 581
1.23927 585
1.23927 588
1.23928 595
1.23928 603
1.23929 623
1.23929 626
1.2393 628
1.2393 630
1.2393 632
1.2393 634
1.23931 640
1.23932 654
1.23932 657
1.23933 662
1.23933 663
1.23933 665
1.23934 674
1.23934 675
1.23934 679
1.23935 684
1.23935 686
1.23935 687
1.23936 694
1.23936 697
1.23936 699
1.23936 702
1.23937 713
1.23937 714
1.25023 54
1.25024 118
1.25024 137
1.25026 274
1.25026 310
1.25026 314
1.25028 381
1.25028 386
1.25028 402
1.25029 404
1.25029 428
1.2503 431
1.2503 463
1.25031 496
1.25031 508
1.25032 529
1.25032 530
1.25032 534
1.25033 550
1.25034 572
1.25034 575
1.25035 586
1.25035 587
1.25035 588
1.25036 605
1.25037 617
1.25037 626
1.25037 634
1.25037 637
1.25038 642
1.25038 645
1.25038 647
1.25038 652
1.25039 656
1.25039 659
1.2504 672
1.2504 674
1.25041 677
1.25041 678
1.25041 686
1.25042 697
1.25043 700
1.25044 709
1.26134 63
1.26135 118
1.26136 272
1.26137 335
1.26138 359
1.26138 376
1.26139 405
1.26139 418
1.2614 463
1.2614 482
1.2614 486
1.26141 501
1.26143 558
1.26143 583
1.26144 587
1.26144 602
1.26144 605
1.26145 637
1.26145 639
1.26146 645
1.26146 654
1.26147 659
1.26147 660
1.26147 670
1.26147 671
1.26149 688
1.2615 707
1.26151 712
1.26151 718
1.27246 213
1.27247 274
1.27247 292
1.27247 301
1.27247 314
1.27248 336
1.27248 349
1.27249 404
1.27249 406
1.27252 553
1.27253 586
1.27253 590
1.27254 597
1.27254 602
1.27254 610
1.27255 641
1.27255 642
1.27255 652
1.27256 655
1.27256 656
1.27256 671
1.27257 689
1.27257 690
1.27259 710
1.27259 715
1.27259 721
1.2726 729
1.2726 731
1.2726 734
1.27261 736
1.27261 742
1.28356 63
1.28357 259
1.28358 335
1.28359 376
1.28359 411
1.28359 416
1.2836 423
1.28361 499
1.28361 535
1.28362 547
1.28362 553
1.28362 556
1.28362 583
1.28363 590
1.28365 670
1.28365 689
1.28366 707
1.28367 710
1.28367 715
1.28368 727
1.28368 728
1.28368 734
1.28369 738
1.28369 739
1.29468 200
1.29468 253
1.29469 306
1.29469 349
1.2947 406
1.2947 440
1.2947 441
1.29472 546
1.29472 576
1.29473 580
1.29473 627
1.29473 636
1.29474 651
1.29475 682
1.29475 691
1.29475 692
1.29475 703
1.29476 722
1.29478 738
1.29478 825
1.29479 826
1.30579 90
1.30579 253
1.30579 263
1.30581 441
1.30581 471
1.30582 542
1.30582 544
1.30583 601
1.30583 606
1.30584 638
1.30584 644
1.30584 661
1.30584 680
1.30585 708
1.30586 720
1.30586 723
1.30586 730
1.30586 738
1.30587 829
1.30587 830
1.30588 833
1.30588 839
1.30589 847
1.31691 354
1.31691 419
1.31692 454
1.31692 520
1.31692 521
1.31693 544
1.31693 577
1.31693 580
1.31693 601
1.31693 606
1.31694 638
1.31695 703
1.31696 723
1.31697 746
1.31697 854
1.31698 865
1.31699 873
1.31699 874
1.31699 875
1.317 877
1.317 878
1.317 879
1.317 884
1.31701 887
1.32801 263
1.32802 340
1.32802 460
1.32803 531
1.32803 542
1.32804 616
1.32804 693
1.32805 701
1.32805 708
1.32805 719
1.32805 730
1.32806 751
1.32806 752
1.32806 753
1.32807 755
1.32808 893
1.32809 898
1.32809 901
1.32809 905
1.32811 923
1.33912 179
1.33912 208
1.33912 302
1.33912 317
1.33913 520
1.33914 521
1.33915 705
1.33915 733
1.33915 735
1.33915 746
1.33916 748
1.33916 753
1.33916 754
1.33916 759
1.33917 761
1.33917 930
1.33917 931
1.33917 933
1.33918 936
1.33918 939
1.33919 947
1.33919 950
1.33921 963
1.33921 964
1.33921 969
1.33922 972
1.35023 192
1.35026 741
1.35026 755
1.35027 756
1.35027 761
1.35027 985
1.35028 991
1.35029 996
1.35029 998
1.35029 1001
1.35029 1002
1.3503 1007
1.35031 1016
1.35032 1022
1.35032 1030
1.35034 1040
1.35034 1042
1.36134 179
1.36134 192
1.36135 317
1.36135 564
1.36136 735
1.36136 741
1.36136 748
1.36137 1046
1.36137 1049
1.36138 1052
1.36138 1053
1.36138 1058
1.36139 1059
1.36139 1061
1.36139 1067
1.3614 1068
1.3614 1070
1.3614 1073
1.3614 1074
1.36141 1084
1.36142 1085
1.36142 1090
1.36143 1096
1.36143 1099
1.36143 1101
1.36143 1102
1.36145 1117
1.36145 1118
1.37247 758
1.37248 771
1.37248 776
1.37248 782
1.37248 787
1.37249 792
1.37249 796
1.3725 1124
1.37251 1135
1.37251 1139
1.37252 1143
1.37252 1144
1.37253 1152
1.37253 1155
1.37254 1159
1.37254 1160
1.37255 1166
1.37255 1168
1.38356 11
1.38356 201
1.38356 356
1.38357 681
1.38357 698
1.38357 744
1.38357 747
1.38357 758
1.38358 763
1.38359 777
1.38359 780
1.38359 791
1.3836 794
1.38361 1196
1.38362 1198
1.38362 1202
1.38362 1203
1.38363 1209
1.38364 1220
1.38365 1224
1.38365 1226
1.38365 1229
1.38365 1230
1.38366 1232
1.38367 1245
1.38367 1247
1.39468 356
1.39468 698
1.39468 760
1.39469 764
1.39469 776
1.3947 778
1.3947 782
1.3947 783
1.39472 1257
1.39472 1261
1.39472 1262
1.39473 1265
1.39473 1269
1.39473 1271
1.39474 1273
1.39474 1274
1.39474 1280
1.39475 1286
1.39476 1292
1.39476 1293
1.39476 1297
1.39477 1300
1.39477 1302
1.39478 1312
1.39478 1313
1.39478 1314
1.40579 480
1.40579 747
1.40579 760
1.40581 779
1.40581 780
1.40581 1318
1.40581 1319
1.40582 1326
1.40582 1327
1.40582 1328
1.40583 1329
1.40583 1331
1.40583 1332
1.40583 1333
1.40583 1337
1.40587 1369
1.40587 1370
1.40587 1371
1.40587 1372
1.40588 1375
1.40588 1379
1.40589 1383
1.40589 1388
1.4169 762
1.4169 764
1.4169 769
1.41691 779
1.41692 814
1.41693 819
1.41694 828
1.41694 836
1.41695 850
1.41696 852
1.41696 853
1.41696 856
1.41696 859
1.41697 1396
1.417 1418
1.417 1419
1.417 1420
1.417 1421
1.42801 766
1.42801 793
1.42802 800
1.42802 804
1.42802 806
1.42803 809
1.42805 834
1.42807 859
1.42808 1433
1.42808 1436
1.42809 1438
1.42809 1442
1.42809 1444
1.4281 1451
1.42811 1458
1.42812 1468
1.43912 706
1.43912 765
1.43912 793
1.43914 810
1.43914 816
1.43914 819
1.43915 823
1.43916 835
1.43917 846
1.43918 857
1.43918 858
1.43919 867
1.43919 868
1.4392 883
1.4392 886
1.43921 892
1.43922 903
1.43922 909
1.43922 910
1.43923 917
1.43924 927
1.43924 929
1.43925 940
1.45024 803
1.45024 806
1.45025 821
1.45026 824
1.45027 844
1.45028 855
1.45028 862
1.45028 866
1.45029 872
1.45029 876
1.45029 881
1.45031 903
1.45032 904
1.45032 907
1.45032 911
1.45032 912
1.45032 913
1.45034 926
1.45034 927
1.45034 934
1.45035 937
1.45035 941
1.45036 946
1.45036 949
1.45037 966
1.45037 967
1.45039 988
1.4504 999
1.45041 1011
1.45042 1017
1.45042 1019
1.45042 1020
1.45043 1023
1.45043 1025
1.45043 1026
1.45043 1027
1.45043 1028
1.45043 1031
1.45043 1032
1.46134 706
1.46135 815
1.46135 817
1.46135 818
1.46136 821
1.46136 822
1.46136 832
1.46137 841
1.46139 864
1.46139 866
1.46139 867
1.46141 895
1.46141 896
1.46141 899
1.46142 906
1.46142 908
1.46142 909
1.46142 910
1.46143 915
1.46144 924
1.46144 926
1.46145 932
1.46145 937
1.46146 944
1.46146 946
1.46147 956
1.46147 960
1.46148 965
1.46149 976
1.46149 977
1.46149 978
1.46149 980
1.46149 982
1.46149 984
1.4615 987
1.4615 994
1.46153 1020
1.46153 1021
1.46153 1026
1.46153 1027
1.46154 1029
1.46154 1038
1.46155 1041
1.46155 1043
1.46155 1045
1.46155 1048
1.46155 1051
1.46156 1057
1.46156 1063
1.46157 1066
1.46157 1076
1.46158 1081
1.46158 1082
1.46159 1091
1.46159 1097
1.46159 1098
1.4616 1106
1.46161 1115
1.46161 1119
1.46161 1122
1.47246 817
1.47246 821
1.47247 827
1.47247 840
1.47248 844
1.47248 845
1.47248 860
1.47249 871
1.4725 885
1.47251 895
1.47251 896
1.47251 899
1.47252 914
1.47253 919
1.47253 926
1.47255 948
1.47255 954
1.47258 978
1.47258 979
1.47258 980
1.47258 982
1.47258 987
1.47259 995
1.4726 1000
1.4726 1006
1.4726 1009
1.4726 1010
1.47261 1018
1.47261 1019
1.47262 1026
1.47262 1027
1.47262 1028
1.47262 1031
1.47263 1035
1.47263 1038
1.47263 1039
1.47264 1047
1.47265 1056
1.47265 1060
1.47265 1062
1.47265 1065
1.47266 1076
1.47266 1077
1.47267 1092
1.47267 1093
1.47269 1109
1.47269 1113
1.4727 1115
1.4727 1122
1.4727 1123
1.48356 795
1.48356 799
1.48357 811
1.48357 818
1.48357 822
1.48357 831
1.48358 832
1.48358 840
1.48358 843
1.48359 864
1.48359 870
1.4836 882
1.4836 890
1.48361 897
1.48361 902
1.48361 906
1.48363 928
1.48363 932
1.48363 935
1.48363 943
1.48364 948
1.48364 957
1.48365 960
1.48365 971
1.48366 981
1.48367 983
1.48367 987
1.48367 992
1.48367 994
1.48368 1000
1.48369 1010
1.48369 1024
1.4837 1029
1.4837 1034
1.4837 1038
1.4837 1039
1.48371 1047
1.48371 1054
1.48372 1056
1.48372 1063
1.48372 1066
1.48373 1075
1.48373 1080
1.48374 1082
1.48374 1083
1.48374 1092
1.48375 1095
1.48376 1110
1.48377 1116
1.48378 1128
1.48378 1133
1.48379 1142
1.4838 1149
1.4838 1150
1.4838 1157
1.48381 1164
1.48381 1169
1.48381 1171
1.48383 1182
1.48383 1183
1.48383 1187
1.48383 1189
1.49468 827
1.49469 848
1.49469 861
1.4947 880
1.49471 918
1.49472 921
1.49472 922
1.49472 938
1.49473 954
1.49473 957
1.49474 959
1.49475 983
1.49476 997
1.49476 1004
1.49476 1006
1.49477 1013
1.49477 1024
1.49478 1035
1.49478 1037
1.4948 1072
1.4948 1083
1.49481 1089
1.49482 1110
1.49483 1120
1.49484 1130
1.49484 1131
1.49484 1132
1.49484 1140
1.49485 1147
1.49486 1151
1.49486 1154
1.49487 1165
1.49487 1172
1.49487 1174
1.49488 1176
1.49488 1178
1.49488 1181
1.49489 1191
1.4949 1204
1.49491 1207
1.49491 1212
1.49492 1216
1.49492 1217
1.49492 1218
1.49492 1219
1.49493 1236
1.49494 1242
1.49494 1243
1.49494 1248
1.49494 1249
1.49495 1252
1.50578 795
1.50579 837
1.5058 861
1.5058 869
1.50581 890
1.50581 900
1.50582 922
1.50584 968
1.50584 974
1.50585 981
1.50585 989
1.50585 992
1.50587 1024
1.50587 1050
1.50588 1071
1.50589 1094
1.50589 1100
1.5059 1111
1.50591 1121
1.50591 1126
1.50591 1129
1.50591 1131
1.50592 1138
1.50592 1141
1.50593 1151
1.50593 1153
1.50594 1167
1.50595 1169
1.50595 1175
1.50595 1176
1.50595 1177
1.50597 1189
1.50597 1191
1.50598 1199
1.50598 1200
1.50598 1201
1.50599 1211
1.50599 1212
1.50599 1216
1.506 1219
1.506 1222
1.50601 1234
1.50602 1244
1.50602 1248
1.50603 1253
1.50603 1254
1.50604 1268
1.50604 1277
1.50605 1279
1.50605 1284
1.50606 1289
1.50606 1290
1.5169 838
1.5169 851
1.51691 861
1.51691 889
1.51691 894
1.51692 918
1.51693 952
1.51693 955
1.51693 962
1.51694 989
1.51694 993
1.51695 997
1.51696 1069
1.51697 1078
1.51697 1079
1.51697 1089
1.51698 1108
1.51698 1114
1.51699 1130
1.51699 1132
1.517 1145
1.517 1146
1.51701 1154
1.51702 1174
1.51703 1177
1.51703 1178
1.51704 1193
1.51705 1205
1.51705 1206
1.51705 1208
1.51706 1213
1.51706 1214
1.51707 1227
1.51707 1228
1.51707 1234
1.51708 1239
1.51709 1255
1.51711 1282
1.51712 1283
1.52801 801
1.52801 851
1.52802 863
1.52802 889
1.52802 891
1.52802 900
1.52803 920
1.52804 975
1.52805 993
1.52805 1005
1.52806 1050
1.52807 1094
1.52807 1103
1.52809 1136
1.52809 1148
1.5281 1161
1.5281 1167
1.52811 1190
1.52812 1194
1.52812 1201
1.52813 1206
1.52814 1225
1.52814 1227
1.52814 1234
1.52814 1235
1.52815 1246
1.52815 1250
1.52817 1275
1.53912 801
1.53912 838
1.53913 920
1.53914 942
1.53914 951
1.53914 958
1.53915 1005
1.53915 1008
1.53917 1079
1.53917 1105
1.53917 1107
1.53919 1146
1.53919 1156
1.53919 1163
1.5392 1173
1.5392 1192
1.53922 1214
1.53922 1221
1.53922 1228
1.53923 1246
1.53924 1263
1.53924 1264
1.53925 1270
1.53925 1272
1.55023 808
1.55024 920
1.55025 970
1.55026 1036
1.55026 1044
1.55027 1103
1.55027 1112
1.55028 1148
1.55028 1156
1.55029 1185
1.5503 1192
1.5503 1195
1.5503 1215
1.55031 1223
1.55031 1225
1.55031 1240
1.55032 1246
1.55032 1258
1.55033 1278
1.55034 1469
1.56134 808
1.56134 849
1.56134 888
1.56135 942
1.56135 951
1.56135 953
1.56135 970
1.56136 973
1.56136 986
1.56136 1003
1.56137 1044
1.56137 1055
1.56137 1104
1.56138 1107
1.56138 1125
1.56138 1156
1.56139 1173
1.56139 1179
1.56139 1186
1.5614 1223
1.56141 1233
1.56141 1237
1.56142 1259
1.56142 1272
1.56142 1276
1.56143 1287
1.56144 1474
1.56144 1476
1.56144 1478
1.56145 1485
1.57246 888
1.57246 925
1.57246 953
1.57246 986
1.57248 1055
1.57248 1064
1.57248 1088
1.57248 1112
1.57249 1158
1.57251 1260
1.57252 1266
1.57254 1305
1.57254 1491
1.57256 1503
1.58356 842
1.58357 986
1.58357 990
1.58359 1137
1.58359 1158
1.5836 1179
1.5836 1184
1.58361 1238
1.58361 1266
1.58362 1294
1.58363 1298
1.58363 1304
1.58364 1310
1.58364 1311
1.58365 1513
1.58365 1518
1.58366 1530
1.58367 1531
1.58367 1532
1.58367 1533
1.58367 1536
1.59468 1012
1.59468 1015
1.59468 1033
1.59469 1088
1.5947 1231
1.59471 1241
1.59471 1251
1.59471 1256
1.59471 1285
1.59472 1298
1.59472 1301
1.59473 1541
1.59475 1555
1.59476 1566
1.59477 1569
1.59478 1583
1.59478 1585
1.60579 990
1.6058 1087
1.60581 1256
1.60582 1294
1.60582 1298
1.60584 1311
1.60584 1321
1.60584 1323
1.60585 1325
1.60585 1335
1.60586 1588
1.60587 1600
1.60588 1611
1.60589 1612
1.60589 1613
1.60589 1618
1.60589 1619
1.6169 820
1.6169 961
1.61692 1210
1.61692 1241
1.61692 1281
1.61693 1291
1.61693 1303
1.61695 1330
1.61695 1340
1.61695 1341
1.61696 1625
1.61696 1626
1.61696 1629
1.61697 1633
1.61697 1635
1.61698 1641
1.61699 1649
1.617 1661
1.61701 1666
1.61701 1667
1.61701 1668
1.62801 820
1.62801 945
1.62801 961
1.62802 1188
1.62803 1281
1.62803 1296
1.62804 1309
1.62804 1320
1.62804 1323
1.62805 1330
1.62805 1335
1.62806 1672
1.62807 1680
1.62807 1682
1.62807 1683
1.62808 1685
1.62808 1686
1.62808 1690
1.62808 1691
1.62809 1694
1.62809 1701
1.6281 1702
1.6281 1704
1.62811 1715
1.63912 820
1.63912 945
1.63912 1127
1.63913 1210
1.63913 1267
1.63914 1288
1.63914 1299
1.63914 1303
1.63914 1307
1.63915 1309
1.63915 1320
1.63915 1322
1.63916 1334
1.63916 1341
1.63916 1342
1.63917 1727
1.63918 1737
1.63919 1744
1.63919 1745
1.63919 1749
1.63919 1750
1.6392 1752
1.6392 1760
1.63921 1761
1.63923 1779
1.63923 1781
1.63923 1783
1.65024 1180
1.65024 1197
1.65024 1267
1.65024 1288
1.65024 1295
1.65025 1296
1.65025 1308
1.65025 1309
1.65026 1322
1.65026 1342
1.65027 1788
1.65027 1789
1.65028 1796
1.65028 1797
1.65028 1799
1.65028 1800
1.65029 1808
1.65029 1810
1.6503 1816
1.6503 1818
1.65031 1821
1.65032 1829
1.65032 1830
1.65032 1831
1.65033 1838
1.65033 1846
1.66135 1170
1.66138 1348
1.66138 1349
1.66138 1350
1.66138 1354
1.66139 1360
1.6614 1377
1.6614 1378
1.66141 1385
1.66141 1853
1.66141 1855
1.66142 1858
1.66142 1860
1.66142 1861
1.66142 1863
1.66142 1864
1.66143 1870
1.66144 1875
1.66144 1878
1.66145 1886
1.67245 1014
1.67245 1086
1.67245 1134
1.67246 1162
1.67246 1170
1.67246 1295
1.67246 1306
1.67246 1315
1.67247 1343
1.67248 1351
1.67249 1361
1.6725 1365
1.6725 1367
1.6725 1368
1.6725 1373
1.67251 1378
1.67251 1381
1.67251 1385
1.67251 1891
1.67252 1894
1.67252 1896
1.67252 1897
1.67254 1918
1.67255 1920
1.67255 1923
1.67256 1930
1.68357 1162
1.68358 1345
1.68359 1357
1.68361 1367
1.68361 1380
1.68362 1385
1.68362 1387
1.68363 1398
1.68363 1399
1.68363 1401
1.68364 1404
1.68364 1408
1.68365 1412
1.68365 1413
1.68365 1415
1.68365 1422
1.68365 1423
1.68366 1425
1.68366 1426
1.68366 1428
1.68366 1432
1.68367 1435
1.68367 1437
1.68367 1441
1.68367 1445
1.68368 1449
1.68368 1453
1.68369 1456
1.68369 1457
1.68369 1459
1.69468 1162
1.69468 1316
1.69468 1317
1.69469 1345
1.6947 1355
1.6947 1362
1.69471 1376
1.69472 1382
1.69472 1386
1.69472 1387
1.69472 1389
1.69474 1407
1.69474 1408
1.69474 1409
1.69475 1410
1.69475 1414
1.69475 1417
1.69477 1432
1.69477 1435
1.69477 1440
1.69477 1443
1.70578 916
1.70579 1336
1.70579 1344
1.70579 1346
1.7058 1347
1.7058 1357
1.70581 1366
1.70581 1384
1.70583 1400
1.70583 1401
1.70584 1414
1.70585 1416
1.70585 1426
1.70586 1428
1.70587 1447
1.70587 1448
1.70588 1453
1.70588 1454
1.70589 1471
1.7059 1482
1.7059 1483
1.70591 1486
1.70591 1489
1.70592 1496
1.70592 1498
1.70592 1501
1.70594 1514
1.70594 1515
1.70594 1519
1.70594 1522
1.70596 1539
1.7169 1336
1.71691 1352
1.71691 1355
1.71691 1359
1.71692 1364
1.71692 1366
1.71692 1382
1.71693 1394
1.71693 1397
1.71694 1409
1.71694 1410
1.71695 1429
1.71696 1443
1.71696 1447
1.71696 1450
1.71696 1454
1.71697 1470
1.71698 1471
1.71699 1483
1.71699 1488
1.71699 1492
1.717 1496
1.717 1498
1.717 1501
1.71701 1504
1.71702 1514
1.71702 1520
1.71702 1521
1.71702 1522
1.71703 1524
1.71703 1525
1.71703 1527
1.71703 1534
1.71704 1545
1.71705 1548
1.71705 1553
1.71705 1554
1.71705 1556
1.71706 1561
1.71707 1572
1.71707 1573
1.71708 1576
1.71708 1578
1.71708 1579
1.71708 1582
1.71709 1591
1.71709 1594
1.7171 1602
1.7171 1604
1.71711 1610
1.72801 916
1.72801 1324
1.72801 1338
1.72802 1356
1.72802 1363
1.72802 1366
1.72805 1434
1.72805 1439
1.72805 1450
1.72806 1462
1.72807 1479
1.72808 1482
1.72808 1486
1.72809 1489
1.72809 1490
1.72809 1497
1.7281 1499
1.7281 1500
1.7281 1504
1.7281 1506
1.72811 1514
1.72811 1516
1.72811 1519
1.72812 1522
1.72812 1527
1.72813 1537
1.72813 1540
1.72814 1549
1.72815 1556
1.72816 1562
1.72816 1572
1.72817 1575
1.72818 1584
1.72818 1591
1.72818 1592
1.72819 1596
1.72819 1597
1.7282 1604
1.72821 1623
1.72822 1639
1.72823 1640
1.72823 1642
1.72823 1643
1.72823 1645
1.72823 1648
1.72824 1651
1.72825 1663
1.72826 1679
1.73912 1339
1.73912 1352
1.73913 1364
1.73913 1390
1.73915 1446
1.73915 1452
1.73916 1461
1.73916 1467
1.73917 1470
1.73917 1477
1.73918 1494
1.73919 1505
1.7392 1511
1.7392 1517
1.73921 1526
1.73921 1527
1.73921 1534
1.73921 1535
1.73922 1542
1.73922 1544
1.73922 1545
1.73923 1550
1.73923 1553
1.73923 1554
1.73923 1557
1.73923 1559
1.73924 1564
1.73924 1568
1.73925 1570
1.73925 1575
1.73925 1576
1.73926 1589
1.73927 1599
1.73928 1602
1.73928 1603
1.73928 1606
1.73928 1609
1.73929 1614
1.73929 1615
1.73929 1620
1.7393 1623
1.7393 1632
1.7393 1634
1.73931 1644
1.73931 1645
1.73932 1647
1.73932 1652
1.73932 1656
1.73933 1660
1.75024 1390
1.75024 1391
1.75024 1395
1.75025 1411
1.75026 1439
1.75026 1462
1.75028 1490
1.75029 1505
1.7503 1516
1.7503 1517
1.7503 1523
1.7503 1526
1.75031 1537
1.75032 1562
1.75033 1564
1.75033 1568
1.75034 1584
1.75034 1586
1.75034 1592
1.75036 1607
1.75036 1609
1.75037 1623
1.7504 1655
1.7504 1662
1.75041 1669
1.75041 1676
1.75042 1677
1.75042 1684
1.75042 1688
1.75043 1696
1.75043 1700
1.75043 1703
1.75044 1708
1.75044 1712
1.75045 1721
1.75046 1726
1.75047 1734
1.75047 1735
1.75047 1738
1.75047 1740
1.76135 1402
1.76135 1406
1.76136 1424
1.76136 1455
1.76137 1461
1.76137 1464
1.76137 1472
1.76138 1487
1.76138 1495
1.76141 1560
1.76142 1564
1.76143 1586
1.76143 1587
1.76143 1590
1.76143 1595
1.76144 1605
1.76144 1607
1.76144 1608
1.76145 1617
1.76145 1624
1.76146 1632
1.76146 1637
1.76148 1660
1.76148 1664
1.76148 1671
1.76149 1673
1.7615 1695
1.7615 1697
1.7615 1698
1.76151 1707
1.76151 1709
1.76152 1719
1.76153 1724
1.76154 1731
1.76154 1739
1.77248 1472
1.77248 1480
1.77249 1523
1.77251 1580
1.77251 1581
1.77253 1608
1.77253 1621
1.77253 1627
1.77254 1638
1.77254 1655
1.77255 1665
1.77256 1674
1.77256 1675
1.77256 1677
1.77256 1684
1.77258 1703
1.77258 1705
1.77259 1712
1.7726 1723
1.7726 1726
1.78357 1392
1.78357 1402
1.78357 1403
1.78357 1406
1.78358 1472
1.78359 1473
1.78359 1481
1.78359 1493
1.7836 1508
1.7836 1512
1.7836 1528
1.78361 1560
1.78362 1574
1.78363 1605
1.78363 1616
1.78363 1617
1.78364 1630
1.78365 1653
1.78365 1657
1.78365 1664
1.78366 1673
1.78366 1678
1.78366 1687
1.78367 1697
1.78367 1706
1.78367 1707
1.78369 1725
1.78369 1730
1.78369 1731
1.79468 1374
1.79469 1466
1.79469 1481
1.7947 1493
1.7947 1509
1.7947 1512
1.7947 1529
1.79471 1546
1.79471 1547
1.79471 1552
1.79472 1581
1.79473 1636
1.79474 1646
1.79475 1687
1.79475 1689
1.79475 1692
1.79476 1706
1.79476 1713
1.79477 1722
1.80579 1374
1.8058 1465
1.80581 1493
1.80581 1508
1.80582 1538
1.80582 1563
1.80583 1567
1.80583 1593
1.80583 1598
1.80584 1653
1.80584 1654
1.80585 1670
1.80585 1678
1.80585 1687
1.80585 1692
1.80586 1699
1.80586 1706
1.80586 1714
1.80587 1718
1.80587 1720
1.80587 1728
1.80587 1733
1.80588 1736
1.80589 1937
1.80589 1943
1.80589 1945
1.8169 1353
1.81691 1466
1.81691 1509
1.81694 1636
1.81694 1650
1.81694 1654
1.81695 1693
1.81695 1699
1.81695 1710
1.81695 1713
1.81695 1714
1.81697 1748
1.81697 1751
1.81698 1951
1.817 1967
1.817 1969
1.82802 1475
1.82802 1538
1.82803 1543
1.82803 1558
1.82803 1567
1.82804 1601
1.82805 1681
1.82806 1729
1.82807 1747
1.82808 1762
1.82808 1765
1.82809 1768
1.82809 1982
1.8281 1984
1.8281 1990
1.8281 1991
1.82811 1993
1.82812 2001
1.83912 1353
1.83912 1358
1.83912 1393
1.83912 1431
1.83913 1502
1.83913 1510
1.83915 1658
1.83915 1659
1.83915 1711
1.83917 1758
1.83917 1759
1.83917 1762
1.83918 1768
1.83918 2005
1.83918 2006
1.83919 2008
1.83919 2011
1.8392 2018
1.8392 2022
1.8392 2023
1.83921 2026
1.83921 2027
1.83921 2029
1.83921 2032
1.83922 2034
1.83922 2037
1.83922 2038
1.83922 2040
1.83923 2047
1.85023 1358
1.85024 1507
1.85025 1558
1.85026 1658
1.85026 1711
1.85026 1741
1.85027 1747
1.85028 1763
1.85028 1765
1.85028 1766
1.85028 1768
1.85029 2048
1.8503 2056
1.8503 2059
1.8503 2060
1.85031 2064
1.85031 2065
1.85031 2066
1.85031 2067
1.85031 2070
1.85032 2076
1.85032 2081
1.85033 2082
1.85033 2086
1.85033 2088
1.86135 1463
1.86135 1551
1.86136 1577
1.86136 1711
1.86137 1716
1.86137 1742
1.86137 1746
1.86138 1756
1.86138 1757
1.86138 1767
1.86139 2098
1.86139 2101
1.8614 2112
1.8614 2113
1.86141 2119
1.86142 2123
1.86143 2131
1.86143 2135
1.86143 2139
1.86144 2142
1.86144 2144
1.86144 2146
1.86144 2147
1.87245 1405
1.87245 1427
1.87245 1430
1.87246 1463
1.87246 1484
1.87246 1507
1.87247 1716
1.87247 1743
1.87248 1766
1.87249 1769
1.87249 1776
1.87251 1802
1.87252 2158
1.87252 2159
1.87254 2178
1.87254 2182
1.87255 2189
1.87256 2194
1.88357 1577
1.88358 1717
1.88358 1746
1.88358 1753
1.88359 1769
1.8836 1772
1.88361 1784
1.88361 1786
1.88361 1791
1.88362 2204
1.88362 2205
1.88363 2206
1.88363 2212
1.88364 2216
1.88364 2218
1.88364 2219
1.88364 2222
1.88365 2224
1.89468 1460
1.8947 1772
1.8947 1775
1.8947 1778
1.89471 1787
1.89474 2266
1.89475 2279
1.89476 2282
1.89476 2283
1.89476 2286
1.89476 2287
1.89477 2291
1.89478 2298
1.89478 2299
1.89478 2304
1.90579 1565
1.90579 1717
1.90579 1753
1.9058 1770
1.90581 1780
1.90581 1784
1.90581 1785
1.90581 1787
1.90583 1805
1.90583 1812
1.90585 1836
1.90587 1851
1.90587 1857
1.90587 1859
1.90587 1865
1.90588 1866
1.90588 2312
1.90589 2314
1.90589 2316
1.9169 1460
1.9169 1628
1.9169 1754
1.91691 1770
1.91691 1773
1.91691 1774
1.91691 1777
1.91692 1782
1.91692 1787
1.91693 1807
1.91694 1815
1.91694 1817
1.91695 1825
1.91695 1835
1.91696 1836
1.91697 1845
1.91697 1848
1.91697 1851
1.91697 1852
1.91697 1856
1.91698 1867
1.91698 2326
1.91699 2327
1.91699 2329
1.91701 2345
1.92801 1628
1.92802 1770
1.92802 1771
1.92802 1782
1.92803 1794
1.92804 1809
1.92804 1811
1.92804 1814
1.92805 1819
1.92806 1834
1.92807 1840
1.92808 1850
1.92808 1854
1.92808 1856
1.92809 1866
1.9281 1877
1.9281 1884
1.92811 1887
1.92811 1892
1.92812 1904
1.92812 1908
1.92813 1912
1.92813 1914
1.92815 1931
1.92815 1932
1.92816 1940
1.93912 1628
1.93913 1771
1.93913 1792
1.93914 1801
1.93915 1809
1.93915 1817
1.93916 1824
1.93917 1839
1.93918 1854
1.93918 1867
1.93919 1868
1.9392 1888
1.93921 1892
1.93922 1902
1.93922 1905
1.93922 1906
1.93922 1908
1.93922 1909
1.93924 1931
1.93925 1940
1.93926 1942
1.95024 1790
1.95025 1809
1.95025 1820
1.95026 1826
1.95026 1827
1.95026 1828
1.95026 1832
1.95027 1849
1.95028 1850
1.95028 1873
1.95029 1876
1.9503 1888
1.95031 1901
1.95031 1902
1.95031 1904
1.95032 1908
1.95032 1915
1.95033 1919
1.95033 1924
1.95036 1950
1.95036 1956
1.95036 1957
1.95037 1961
1.95037 1965
1.95038 1973
1.95038 1974
1.95039 1988
1.9504 1994
1.9504 1995
1.9504 1998
1.95041 2012
1.95041 2014
1.95042 2019
1.96135 1764
1.96135 1790
1.96136 1820
1.96136 1827
1.96137 1828
1.96137 1837
1.96138 1871
1.96139 1881
1.96139 1885
1.9614 1898
1.9614 1899
1.96141 1906
1.96142 1916
1.96142 1926
1.96143 1933
1.96143 1934
1.96143 1935
1.96144 1944
1.96145 1955
1.96145 1957
1.96145 1958
1.96145 1962
1.96146 1964
1.96147 1976
1.96147 1978
1.96147 1980
1.96147 1981
1.96149 2000
1.9615 2009
1.9615 2012
1.96151 2025
1.97246 1764
1.97246 1795
1.97246 1798
1.97247 1823
1.97247 1826
1.97248 1842
1.97248 1844
1.97249 1873
1.97249 1876
1.97249 1881
1.9725 1882
1.9725 1883
1.9725 1890
1.9725 1895
1.97251 1910
1.97251 1913
1.97251 1916
1.97252 1919
1.97252 1924
1.97253 1941
1.97254 1944
1.97254 1949
1.97254 1950
1.97254 1953
1.97255 1957
1.97255 1959
1.97255 1961
1.97255 1962
1.97256 1964
1.97256 1965
1.97256 1973
1.97256 1974
1.97257 1979
1.97258 1989
1.97259 1998
1.97259 1999
1.97259 2004
1.9726 2010
1.9726 2013
1.9726 2014
1.9726 2020
1.97261 2028
1.97261 2031
1.97262 2039
1.97262 2041
1.97263 2051
1.97263 2057
1.97264 2062
1.97264 2074
1.98356 1631
1.98357 1798
1.9836 1882
1.9836 1893
1.9836 1898
1.98362 1921
1.98362 1922
1.98362 1925
1.98362 1927
1.98362 1933
1.98363 1938
1.98363 1939
1.98363 1944
1.98364 1953
1.98364 1958
1.98364 1960
1.98365 1962
1.98365 1963
1.98365 1966
1.98365 1968
1.98365 1972
1.98366 1976
1.98366 1977
1.98366 1979
1.98367 1989
1.98368 2007
1.98368 2015
1.98369 2028
1.9837 2036
1.9837 2041
1.9837 2044
1.98371 2051
1.98372 2069
1.98372 2071
1.98372 2074
1.99469 1842
1.9947 1882
1.99471 1893
1.99471 1907
1.99472 1913
1.99472 1928
1.99473 1938
1.99473 1941
1.99474 1959
1.99474 1960
1.99474 1968
1.99474 1970
1.99475 1983
1.99475 1986
1.99475 1987
1.99476 1996
1.99476 2003
1.99477 2013
1.99477 2017
1.99478 2033
1.99478 2036
1.99478 2043
1.99479 2046
1.99479 2053
1.9948 2055
1.9948 2058
1.9948 2068
1.99482 2089
1.99483 2095
1.99483 2100
1.99484 2110
1.99484 2114
1.99485 2118
1.99485 2121
