1.0391 2
1.03916 8
1.03921 15
1.04818 101
1.04827 103
1.04834 116
1.04842 118
1.04844 123
1.04847 124
1.04862 139
1.04867 142
1.04871 144
1.04877 145
1.04891 150
1.04896 155
1.049 157
1.04909 159
1.04914 161
1.04916 170
1.04918 172
1.0492 177
1.04923 179
1.04925 182
1.04927 184
1.04932 191
1.04934 194
1.04936 195
1.04938 198
1.0593 210
1.0594 211
1.05945 215
1.05947 219
1.05949 220
1.05951 227
1.05962 230
1.05972 236
1.05977 237
1.05986 239
1.05991 240
1.05996 244
1.05998 250
1.06 262
1.06002 264
1.06004 265
1.06007 266
1.06009 268
1.06011 274
1.06013 278
1.06015 285
1.06018 286
1.0602 293
1.07041 304
1.07046 308
1.07048 310
1.07058 311
1.07067 316
1.07074 322
1.07081 328
1.07091 339
1.07096 344
1.071 345
1.07108 351
1.0711 358
1.07113 359
1.07115 365
1.07117 366
1.07119 372
1.07124 390
1.07126 391
1.08152 400
1.08157 410
1.08163 411
1.08168 425
1.08173 433
1.08185 437
1.08191 438
1.08197 440
1.08199 447
1.08206 463
1.08209 467
1.08211 468
1.08217 472
1.08234 474
1.0824 477
1.08242 478
1.08246 483
1.08248 491
1.0825 494
1.08252 495
1.09263 505
1.09267 508
1.09273 512
1.09278 514
1.09286 533
1.09288 535
1.09291 536
1.09293 537
1.09295 538
1.09298 543
1.093 547
1.09304 551
1.09307 560
1.09309 566
1.09313 569
1.09315 575
1.0932 580
1.09322 583
1.09325 584
1.09327 590
1.10375 608
1.10379 610
1.10385 627
1.10391 629
1.10404 639
1.10409 642
1.10411 643
1.10413 650
1.10415 657
1.10417 660
1.1042 662
1.10422 663
1.10424 665
1.10426 668
1.10428 678
1.10432 688
1.11485 700
1.11494 704
1.11505 712
1.11507 713
1.11509 716
1.11512 719
1.11514 722
1.11516 727
1.11518 734
1.1152 737
1.11522 740
1.11525 748
1.11526 749
1.11581 758
1.11586 760
1.11591 763
1.11597 767
1.11605 769
1.1161 770
1.11615 772
1.11622 774
1.1163 788
1.11635 791
1.11643 798
1.12598 814
1.12602 821
1.12604 822
1.12606 825
1.12608 831
1.12611 838
1.12613 842
1.12615 853
1.12617 858
1.1262 859
1.12644 874
1.12649 881
1.12657 891
1.12663 892
1.13707 0
1.13713 23
1.13718 30
1.1372 32
1.13722 34
1.13725 45
1.13727 46
1.13729 51
1.13731 55
1.13734 65
1.13736 67
1.13739 69
1.13741 71
1.13743 72
1.13746 78
1.13748 79
1.1375 82
1.13752 95
1.14818 0
1.14825 6
1.14893 13
1.14896 14
1.14898 21
1.149 31
1.14903 35
1.14905 39
1.14907 45
1.14909 48
1.14912 50
1.14914 60
1.14916 62
1.14918 63
1.1492 64
1.14922 66
1.14924 70
1.14926 71
1.1493 77
1.14932 87
1.14934 88
1.14936 89
1.14938 92
1.1494 95
1.14942 105
1.14944 110
1.14947 111
1.1495 113
1.14957 120
1.14959 137
1.14963 151
1.14965 156
1.1497 164
1.14972 169
1.14974 173
1.14978 181
1.1498 183
1.14982 185
1.14984 193
1.16003 1
1.1601 3
1.16015 13
1.16017 17
1.16019 23
1.16021 25
1.16023 27
1.16026 30
1.16028 41
1.1603 42
1.16033 43
1.16035 48
1.16037 53
1.16039 55
1.16041 69
1.16044 77
1.16046 78
1.16048 87
1.16051 88
1.16053 95
1.16055 102
1.16058 107
1.1606 114
1.16063 119
1.16066 120
1.16069 126
1.16071 137
1.16073 138
1.16077 165
1.16079 166
1.16081 167
1.16083 171
1.16087 180
1.16089 181
1.16092 187
1.16094 189
1.16096 190
1.16098 197
1.161 199
1.16105 203
1.16107 204
1.16109 214
1.16112 217
1.16114 218
1.16117 242
1.16119 243
1.16121 245
1.16124 260
1.16126 267
1.16128 280
1.16131 282
1.16133 290
1.16136 292
1.16138 297
1.17059 10
1.17068 13
1.17075 26
1.1708 28
1.17084 31
1.171 43
1.17105 53
1.17107 56
1.1711 60
1.17123 61
1.17133 64
1.17141 73
1.17149 75
1.17155 81
1.17162 86
1.17164 87
1.17171 90
1.17176 99
1.17182 100
1.17188 105
1.17193 109
1.17203 110
1.17211 117
1.17405 126
1.17409 128
1.17414 135
1.17419 138
1.17426 141
1.17431 147
1.17435 153
1.17437 154
1.17445 176
1.17455 189
1.17459 196
1.17461 199
1.17463 202
1.17465 208
1.17467 213
1.1747 223
1.17472 231
1.17474 232
1.17476 234
1.1748 245
1.17483 246
1.17485 253
1.17487 254
1.17492 257
1.17497 269
1.17499 270
1.17501 275
1.17507 280
1.17509 282
1.17512 288
1.17514 292
1.17519 301
1.17521 319
1.17523 323
1.17526 324
1.17528 330
1.1753 331
1.17534 337
1.17537 341
1.17539 343
1.17541 347
1.17543 355
1.17545 356
1.17547 357
1.17549 376
1.17551 389
1.17553 397
1.18152 5
1.18162 12
1.18166 24
1.18171 43
1.18176 53
1.18178 74
1.1818 75
1.18184 76
1.18203 83
1.18208 84
1.18212 85
1.18214 96
1.18216 97
1.18219 104
1.18221 108
1.1846 109
1.18468 114
1.18476 128
1.18478 133
1.1848 140
1.18482 141
1.18498 153
1.18503 162
1.18508 174
1.18516 178
1.18521 186
1.18527 188
1.18529 196
1.18531 214
1.18534 217
1.18536 245
1.18538 249
1.1854 253
1.18542 255
1.18545 258
1.18548 259
1.1855 267
1.18552 269
1.18556 291
1.18559 294
1.18561 295
1.18565 301
1.18567 314
1.18569 319
1.18571 323
1.18574 333
1.18576 335
1.18578 352
1.18581 353
1.18584 354
1.18586 356
1.18588 357
1.1859 361
1.18592 371
1.18594 378
1.18597 381
1.18601 385
1.18603 389
1.18605 394
1.18611 399
1.18613 402
1.18618 408
1.1862 409
1.18623 412
1.18625 431
1.1863 442
1.18634 460
1.18636 462
1.18638 481
1.19268 9
1.19273 16
1.19279 18
1.19284 22
1.19289 26
1.19294 29
1.19302 40
1.19306 47
1.19308 56
1.1931 57
1.19313 58
1.19315 74
1.19317 75
1.19319 94
1.19321 104
1.19323 112
1.19328 117
1.19332 122
1.19334 132
1.19336 141
1.19339 160
1.19345 175
1.19347 188
1.19351 200
1.19354 206
1.19356 223
1.19358 229
1.1936 231
1.19362 234
1.19364 249
1.19366 255
1.19369 256
1.19371 257
1.19373 258
1.19375 275
1.19377 289
1.1938 291
1.19383 295
1.19385 300
1.19387 302
1.19389 303
1.19392 309
1.19394 324
1.19397 330
1.19399 331
1.19401 335
1.19403 336
1.19405 343
1.19408 346
1.1941 348
1.19412 349
1.19414 355
1.19417 364
1.19419 373
1.19421 383
1.19424 397
1.19426 407
1.19428 414
1.19432 419
1.19434 421
1.19436 429
1.19438 436
1.19441 439
1.19443 451
1.19445 457
1.19448 458
1.1945 461
1.19452 462
1.19454 464
1.19456 465
1.19458 487
1.1946 493
1.19462 497
1.19465 506
1.19467 507
1.19472 523
1.19475 528
1.19477 530
1.19479 540
1.20375 20
1.2038 36
1.20392 85
1.20394 94
1.20396 112
1.20398 122
1.204 125
1.20402 129
1.20405 133
1.20407 134
1.2041 140
1.20412 148
1.20414 168
1.20416 201
1.20418 202
1.20422 212
1.20427 234
1.20429 238
1.20433 251
1.20435 255
1.20438 257
1.2044 259
1.20443 263
1.20445 271
1.20452 302
1.20454 313
1.20456 318
1.20458 319
1.20461 321
1.20463 335
1.20468 347
1.2047 348
1.20472 352
1.20475 360
1.20477 371
1.2048 375
1.20482 378
1.20485 383
1.20487 384
1.2049 385
1.20492 387
1.20494 416
1.20496 422
1.20499 426
1.20504 429
1.20509 441
1.20511 443
1.20513 446
1.20515 448
1.20518 459
1.2052 466
1.20522 475
1.20525 484
1.20527 487
1.2053 488
1.20699 493
1.20704 497
1.20709 502
1.20711 509
1.20713 517
1.20724 521
1.20728 524
1.2073 532
1.20738 553
1.20742 554
1.20744 555
1.20869 557
1.20871 559
1.20873 563
1.20875 571
1.20877 576
1.21501 4
1.21506 18
1.21511 19
1.21517 20
1.21524 33
1.21529 36
1.21536 54
1.21548 136
1.2155 143
1.21559 152
1.21565 233
1.21567 252
1.2157 273
1.21572 309
1.21574 321
1.21577 334
1.21579 340
1.21581 348
1.21583 352
1.21586 375
1.21588 378
1.2159 381
1.21592 386
1.21594 387
1.21596 393
1.21601 406
1.21603 414
1.21606 420
1.21608 424
1.21612 432
1.21614 449
1.21616 450
1.21618 451
1.2162 455
1.21623 457
1.21626 460
1.21628 461
1.21631 464
1.21636 473
1.21638 476
1.21641 480
1.21643 484
1.21646 486
1.21648 487
1.2165 488
1.21653 492
1.21654 496
1.21657 501
1.21659 506
1.21663 517
1.21665 520
1.21668 523
1.2167 525
1.21672 526
1.21674 528
1.21676 532
1.21678 542
1.21681 546
1.21683 549
1.21685 553
1.21687 554
1.2169 557
1.21694 573
1.21696 576
1.21699 579
1.22609 59
1.2271 106
1.22714 115
1.22719 121
1.22725 143
1.22732 152
1.22736 163
1.22742 192
1.22753 212
1.22758 221
1.2276 226
1.22762 248
1.22766 277
1.22773 287
1.22775 306
1.22792 312
1.22797 315
1.22799 318
1.22804 327
1.22806 332
1.22809 340
1.22811 369
1.22814 374
1.22817 377
1.22819 379
1.22821 380
1.22824 416
1.22826 434
1.22829 435
1.22831 444
1.22834 446
1.22841 452
1.22843 459
1.22912 498
1.22913 499
1.22915 500
1.22918 510
1.2292 513
1.22925 519
1.22931 529
1.22933 541
1.22937 545
1.2294 549
1.22942 550
1.22946 562
1.22948 577
1.22951 581
1.23707 11
1.23712 38
1.2372 49
1.23722 54
1.23724 59
1.23727 127
1.23734 136
1.23736 143
1.23738 149
1.2374 192
1.23743 207
1.23745 216
1.23748 221
1.23751 226
1.23754 241
1.23756 273
1.23758 276
1.2376 287
1.23762 305
1.23764 307
1.23767 312
1.23769 363
1.23771 368
1.23773 374
1.23775 388
1.23777 392
1.23779 393
1.23781 395
1.23783 415
1.23785 418
1.23788 420
1.2379 428
1.23792 432
1.23795 453
1.23797 455
1.23799 470
1.23801 486
1.23803 519
1.23808 529
1.2381 534
1.23813 546
1.23816 552
1.2382 565
1.23822 574
1.23824 577
1.23826 579
1.23829 582
1.23831 587
1.24818 11
1.24823 37
1.24827 44
1.24836 49
1.24841 52
1.24842 106
1.24851 130
1.24853 205
1.24855 209
1.24857 221
1.2486 235
1.24862 279
1.24867 327
1.24872 367
1.24874 374
1.24877 382
1.24879 413
1.24881 415
1.24883 427
1.24887 428
1.24889 469
1.24891 499
1.24893 515
1.24895 516
1.24899 539
1.24901 544
1.24903 548
1.24907 550
1.24909 561
1.24911 567
1.24913 577
1.24916 586
1.24919 592
1.24921 596
1.24924 598
1.24926 599
1.25931 158
1.25937 207
1.25949 222
1.25954 235
1.25961 247
1.25966 279
1.2597 283
1.25974 299
1.25981 317
1.25988 338
1.25995 350
1.26001 362
1.26006 368
1.26008 388
1.26013 398
1.26015 423
1.2602 428
1.26023 445
1.26027 503
1.26029 504
1.26032 534
1.26036 556
1.26039 567
1.26041 568
1.26043 572
1.26046 574
1.26048 586
1.2605 587
1.26053 588
1.26055 593
1.26057 615
1.2606 630
1.26062 631
1.26064 633
1.26067 634
1.2704 7
1.27045 80
1.2705 91
1.27052 146
1.27054 222
1.27058 261
1.2706 362
1.27062 367
1.27064 471
1.27066 485
1.27068 511
1.2707 522
1.27075 531
1.27077 548
1.2708 556
1.27082 585
1.27084 592
1.27087 597
1.27088 602
1.2709 604
1.27093 607
1.27095 611
1.27097 623
1.27099 624
1.27101 626
1.27103 630
1.27106 633
1.28152 93
1.28159 222
1.28167 272
1.28172 296
1.28174 325
1.28182 342
1.28188 350
1.28193 370
1.28197 398
1.28202 401
1.28204 490
1.28206 503
1.28216 504
1.28222 518
1.28228 558
1.28241 585
1.28245 588
1.28247 589
1.28249 591
1.28251 597
1.28253 601
1.28255 602
1.28257 603
1.2826 612
1.28263 617
1.28266 626
1.28268 635
1.2827 636
1.29263 7
1.29269 281
1.29274 298
1.29278 320
1.29287 329
1.29289 342
1.29291 401
1.29294 485
1.29296 489
1.29298 511
1.293 585
1.29302 594
1.29304 600
1.29306 601
1.2931 603
1.29315 613
1.29317 617
1.29319 622
1.29321 625
1.29323 628
1.29326 635
1.29328 636
1.2933 909
1.29335 919
1.30374 224
1.30379 325
1.30381 342
1.30389 401
1.30394 404
1.304 430
1.30404 518
1.30408 527
1.30414 564
1.30423 589
1.3043 595
1.30438 605
1.30443 606
1.30448 613
1.30453 614
1.30458 617
1.30465 619
1.30471 622
1.30473 632
1.30475 636
1.30479 656
1.30481 658
1.30483 920
1.30485 921
1.30487 926
1.30489 930
1.31485 68
1.3149 224
1.31495 298
1.315 320
1.31506 396
1.31513 405
1.31522 430
1.31528 489
1.31532 564
1.31539 609
1.31541 613
1.31543 614
1.31545 619
1.31551 640
1.31554 653
1.31556 658
1.31558 944
1.31563 955
1.31565 960
1.31568 967
1.32596 224
1.32603 225
1.32614 404
1.32622 454
1.32627 527
1.32641 618
1.32648 637
1.32657 644
1.32661 652
1.32665 971
1.32673 972
1.32678 976
1.32686 977
1.32691 985
1.32696 992
1.32701 999
1.32707 1008
1.32712 1012
1.32714 1014
1.3371 405
1.33712 482
1.33714 609
1.33717 640
1.33722 651
1.33724 652
1.33729 667
1.33753 677
1.33758 682
1.33764 687
1.33766 690
1.33769 1015
1.33773 1024
1.33778 1042
1.3378 1045
1.34818 131
1.34825 403
1.34834 456
1.34845 616
1.3485 621
1.34854 637
1.34858 646
1.34862 648
1.34865 651
1.34867 661
1.3487 680
1.34872 684
1.34874 1052
1.34877 1058
1.3488 1063
1.34882 1065
1.34884 1066
1.34886 1080
1.34888 1084
1.3489 1087
1.34892 1090
1.34894 1092
1.34896 1093
1.3593 284
1.35932 417
1.35936 638
1.35939 649
1.35941 651
1.35943 654
1.35946 655
1.35948 666
1.3595 669
1.35952 670
1.35954 674
1.35956 677
1.3596 684
1.35962 1096
1.35967 1100
1.35969 1103
1.36066 1108
1.36073 1112
1.36078 1114
1.36083 1115
1.36091 1122
1.36093 1131
1.36096 1134
1.36098 1135
1.361 1137
1.36103 1138
1.36105 1142
1.37041 284
1.3705 578
1.37058 638
1.3706 646
1.37065 655
1.37068 659
1.3707 661
1.37072 670
1.37074 679
1.37077 680
1.37079 689
1.37081 702
1.37083 703
1.37085 707
1.37088 709
1.37094 744
1.37097 1144
1.37099 1145
1.37101 1147
1.37103 1149
1.37105 1152
1.38152 98
1.38153 284
1.38156 479
1.38159 578
1.38172 664
1.38174 666
1.38176 669
1.38179 685
1.38183 691
1.38185 696
1.38189 701
1.38192 703
1.38194 708
1.38196 725
1.38199 735
1.38202 1165
1.38207 1174
1.38209 1175
1.38213 1180
1.39265 672
1.39269 673
1.39274 675
1.39281 676
1.39285 699
1.39288 708
1.39292 724
1.39294 725
1.39296 729
1.39299 730
1.39301 741
1.39303 744
1.39306 1183
1.39309 1184
1.39312 1187
1.39314 1188
1.39316 1189
1.39318 1192
1.3932 1195
1.39322 1203
1.39324 1212
1.40374 641
1.40379 681
1.40385 692
1.40391 693
1.40395 696
1.40399 699
1.40405 710
1.4041 714
1.40416 721
1.40418 735
1.4042 736
1.40422 739
1.40424 743
1.40426 746
1.4043 750
1.40432 755
1.40434 757
1.40436 761
1.40438 764
1.4044 781
1.40442 782
1.40444 783
1.40449 801
1.41485 620
1.41492 673
1.41498 676
1.41507 681
1.41512 730
1.41514 751
1.41516 753
1.41519 754
1.41524 773
1.41526 778
1.41529 782
1.41532 785
1.41534 786
1.41537 789
1.4154 797
1.41542 799
1.41545 800
1.41547 801
1.41549 1216
1.42596 228
1.42598 647
1.426 683
1.42604 686
1.42606 697
1.42608 705
1.4261 706
1.42612 718
1.42614 723
1.42618 731
1.42621 732
1.42622 736
1.42628 753
1.4263 757
1.42634 765
1.42637 768
1.42638 775
1.42641 776
1.42643 780
1.42646 785
1.42648 793
1.4265 800
1.42653 801
1.42655 809
1.42657 816
1.4266 818
1.42662 823
1.42665 829
1.42668 836
1.4267 841
1.42672 844
1.42674 857
1.42677 864
1.42679 866
1.42681 871
1.43708 686
1.43712 715
1.43717 718
1.43721 728
1.43723 754
1.43726 762
1.43728 768
1.4373 785
1.43733 792
1.43735 793
1.43738 795
1.43745 797
1.43774 800
1.43783 804
1.43789 812
1.43795 813
1.438 817
1.43807 840
1.43814 843
1.43819 849
1.43824 851
1.43828 852
1.43837 865
1.43839 870
1.43841 872
1.43844 877
1.4482 694
1.44824 698
1.44829 706
1.44834 711
1.44836 715
1.44839 723
1.44843 742
1.44845 745
1.44847 776
1.44869 777
1.44883 795
1.44885 796
1.44887 812
1.44889 828
1.44891 833
1.44894 844
1.44897 845
1.44899 846
1.44902 854
1.44936 863
1.44941 865
1.44946 876
1.44952 880
1.44958 893
1.44962 901
1.44967 907
1.44972 910
1.44977 911
1.44981 914
1.4499 916
1.44997 928
1.45007 931
1.45009 942
1.46005 766
1.46007 771
1.46009 784
1.46011 787
1.46013 795
1.46015 796
1.46018 802
1.4602 803
1.46023 806
1.46028 820
1.4603 833
1.46032 835
1.46037 870
1.4604 875
1.46042 877
1.46044 879
1.46046 886
1.46048 897
1.4605 900
1.46052 903
1.46055 910
1.46057 911
1.46059 912
1.46061 916
1.46064 922
1.46066 923
1.46071 939
1.46073 941
1.47043 326
1.47111 733
1.47116 766
1.47121 777
1.47129 784
1.47135 790
1.47139 808
1.47141 815
1.47143 820
1.47145 830
1.47147 833
1.4715 834
1.47155 860
1.47157 863
1.4716 869
1.47162 873
1.47164 885
1.47167 895
1.47171 899
1.47174 900
1.47176 903
1.47178 906
1.4718 907
1.47182 915
1.47186 928
1.47189 933
1.47192 935
1.47194 939
1.47196 943
1.472 951
1.47202 953
1.47204 956
1.47207 958
1.47211 970
1.47213 974
1.47215 982
1.4722 986
1.47222 989
1.48152 570
1.48156 794
1.48162 815
1.48167 835
1.48171 837
1.48176 869
1.48181 879
1.48185 885
1.48193 888
1.48198 889
1.482 899
1.48202 903
1.48205 908
1.48208 912
1.4821 917
1.48212 923
1.48214 924
1.48217 929
1.48219 943
1.48222 950
1.48224 952
1.48226 958
1.48228 959
1.4823 961
1.48232 962
1.48234 964
1.48236 966
1.48238 969
1.48243 973
1.48245 974
1.48248 980
1.4825 981
1.48252 989
1.49263 326
1.49267 671
1.49273 756
1.4928 790
1.49285 808
1.49287 811
1.49289 826
1.49292 827
1.49294 832
1.49296 834
1.49303 850
1.49306 856
1.49308 860
1.4931 862
1.49313 883
1.49315 884
1.49318 885
1.49322 895
1.49324 902
1.49326 904
1.49328 906
1.4933 924
1.49332 932
1.49335 936
1.49337 937
1.49339 940
1.49341 952
1.49344 953
1.49346 954
1.49349 958
1.49351 965
1.49353 966
1.49355 968
1.49357 969
1.4936 978
1.49362 980
1.49366 987
1.49371 1006
1.49373 1020
1.49375 1028
1.49378 1030
1.50376 671
1.5038 807
1.50385 810
1.50389 811
1.50394 819
1.50396 826
1.50398 827
1.504 850
1.50402 867
1.50404 888
1.50407 925
1.50409 934
1.50411 938
1.50413 948
1.50415 949
1.50418 950
1.5042 954
1.50422 957
1.50425 966
1.50427 979
1.50429 983
1.50431 998
1.50434 1001
1.50436 1002
1.50439 1009
1.50444 1011
1.50446 1020
1.50451 1021
1.50453 1023
1.51485 645
1.5149 752
1.51497 810
1.51511 811
1.51516 819
1.51522 839
1.5153 867
1.51534 884
1.5154 894
1.51542 905
1.51544 918
1.51546 934
1.51548 991
1.51551 994
1.51554 995
1.51557 1000
1.51562 1010
1.51565 1019
1.51571 1029
1.51573 1031
1.51576 1036
1.51578 1038
1.5158 1039
1.51582 1047
1.51584 1049
1.51586 1056
1.51588 1059
1.52596 717
1.52601 759
1.52603 824
1.52609 868
1.52616 948
1.52618 975
1.5262 979
1.52623 994
1.52634 1000
1.52637 1004
1.52639 1011
1.52642 1013
1.52644 1017
1.52655 1023
1.52658 1025
1.5266 1029
1.52663 1032
1.52666 1041
1.52669 1047
1.52671 1050
1.52673 1056
1.52676 1057
1.52678 1060
1.5268 1062
1.53709 747
1.53715 848
1.53717 855
1.53719 882
1.53722 896
1.53724 918
1.53727 988
1.53729 995
1.53733 1022
1.53735 1027
1.53767 1038
1.53774 1040
1.5378 1041
1.53785 1043
1.53795 1044
1.538 1048
1.53805 1050
1.5381 1057
1.53816 1068
1.53821 1071
1.53823 1073
1.53825 1085
1.54819 738
1.54823 747
1.5483 779
1.54834 805
1.5484 824
1.54845 847
1.54852 913
1.54857 945
1.54862 946
1.54868 996
1.54875 1003
1.54879 1005
1.54884 1013
1.5489 1026
1.54899 1033
1.54906 1046
1.54915 1048
1.54928 1071
1.54935 1073
1.54937 1079
1.5494 1086
1.54942 1219
1.54944 1221
1.54946 1225
1.54948 1227
1.5495 1228
1.5593 738
1.55932 855
1.55934 882
1.55936 996
1.55938 1007
1.5594 1022
1.55942 1067
1.55944 1068
1.55946 1072
1.55948 1073
1.5595 1075
1.55952 1081
1.55954 1089
1.55956 1231
1.55958 1237
1.55961 1238
1.55965 1258
1.57041 726
1.57045 913
1.57047 963
1.57049 984
1.57051 1005
1.57054 1007
1.57056 1034
1.57058 1037
1.5706 1075
1.57063 1079
1.57065 1094
1.57067 1101
1.57069 1110
1.57076 1268
1.57078 1269
1.57081 1275
1.57083 1276
1.57087 1281
1.57089 1282
1.57092 1283
1.57093 1286
1.57095 1287
1.58152 890
1.58158 984
1.58163 1007
1.58167 1016
1.58172 1018
1.58174 1055
1.58176 1064
1.58178 1075
1.58181 1290
1.58183 1291
1.58187 1297
1.5819 1299
1.58195 1305
1.58197 1307
1.58201 1320
1.58206 1333
1.59264 1016
1.59269 1053
1.59271 1064
1.59273 1078
1.59276 1082
1.59278 1088
1.59281 1097
1.59284 1099
1.59328 1110
1.59332 1334
1.59338 1340
1.59342 1341
1.5935 1347
1.59352 1349
1.59368 1350
1.5937 1356
1.59378 1360
1.59383 1365
1.59388 1367
1.59396 1371
1.59407 1374
1.59415 1377
1.59422 1381
1.59427 1382
1.60374 695
1.60376 878
1.60378 890
1.6038 927
1.60383 997
1.60385 1054
1.60387 1064
1.60389 1098
1.60391 1109
1.60394 1391
1.60396 1393
1.60399 1394
1.60401 1401
1.60404 1402
1.60406 1422
1.60408 1423
1.6041 1434
1.60412 1436
1.60414 1442
1.60416 1443
1.61485 695
1.61489 1053
1.61494 1069
1.61499 1077
1.61506 1097
1.61512 1102
1.61521 1109
1.61528 1118
1.61535 1139
1.61537 1140
1.61538 1448
1.61541 1449
1.61543 1450
1.61545 1452
1.61547 1454
1.61549 1459
1.61553 1465
1.61556 1468
1.61558 1470
1.61562 1477
1.61564 1478
1.61566 1482
1.61568 1485
1.62596 695
1.62601 1035
1.62605 1051
1.62607 1070
1.62615 1102
1.6262 1113
1.62622 1126
1.62624 1127
1.62626 1141
1.62628 1487
1.62631 1488
1.62633 1489
1.62636 1492
1.62638 1499
1.6264 1500
1.62642 1501
1.62645 1502
1.62647 1504
1.6265 1511
1.62653 1512
1.62656 1515
1.62658 1518
1.6266 1527
1.62662 1528
1.63708 947
1.63709 1069
1.63724 1095
1.63733 1106
1.63738 1111
1.63743 1124
1.63749 1125
1.63754 1127
1.63762 1128
1.63764 1130
1.63766 1141
1.63768 1534
1.63771 1536
1.63773 1540
1.63775 1541
1.63778 1545
1.6378 1547
1.63782 1551
1.63785 1552
1.63787 1553
1.63789 1559
1.63792 1561
1.63795 1562
1.63797 1567
1.63799 1568
1.63813 1569
1.63835 1570
1.63838 1577
1.6384 1578
1.63846 1585
1.64819 1074
1.64824 1083
1.64829 1106
1.64834 1107
1.64836 1111
1.64845 1113
1.64847 1124
1.64849 1141
1.64851 1591
1.64854 1595
1.64857 1605
1.6486 1610
1.64862 1616
1.64868 1628
1.64871 1629
1.64873 1637
1.64876 1640
1.64878 1642
1.6488 1649
1.6593 898
1.65932 990
1.65938 993
1.65957 1076
1.65962 1116
1.65967 1119
1.65975 1120
1.65992 1123
1.65997 1132
1.66002 1143
1.6601 1148
1.66017 1151
1.66023 1156
1.66028 1159
1.66033 1160
1.66038 1166
1.6604 1170
1.66043 1171
1.6606 1196
1.66073 1656
1.66077 1659
1.66082 1661
1.66089 1666
1.67041 887
1.67045 993
1.67052 1116
1.67056 1133
1.67061 1151
1.67066 1158
1.67071 1159
1.67076 1162
1.67081 1163
1.67086 1170
1.6709 1171
1.67095 1177
1.67097 1191
1.67099 1201
1.67101 1204
1.67104 1680
1.67106 1681
1.67108 1685
1.6711 1697
1.68152 993
1.68157 1091
1.68161 1104
1.68167 1120
1.68175 1143
1.68179 1151
1.68185 1155
1.68189 1157
1.68191 1163
1.68195 1167
1.68225 1169
1.68229 1173
1.68235 1178
1.68244 1179
1.68252 1181
1.68257 1185
1.68264 1186
1.68266 1191
1.68276 1194
1.68282 1198
1.68284 1202
1.68288 1220
1.68291 1222
1.68293 1233
1.68295 1234
1.68297 1240
1.683 1241
1.68302 1244
1.68304 1245
1.68306 1259
1.68308 1264
1.6831 1270
1.68313 1272
1.68315 1274
1.69263 887
1.69269 1117
1.69274 1129
1.6928 1133
1.69284 1153
1.69289 1157
1.69294 1158
1.69301 1162
1.69303 1163
1.69314 1168
1.6932 1177
1.69322 1179
1.69324 1181
1.69327 1190
1.69329 1193
1.69331 1200
1.69333 1201
1.69335 1204
1.69337 1215
1.69342 1229
1.69344 1239
1.69349 1247
1.69351 1251
1.69353 1255
1.69355 1261
1.69362 1270
1.69364 1272
1.69366 1280
1.69368 1292
1.69371 1294
1.69373 1303
1.69377 1309
1.6938 1311
1.69384 1322
1.69387 1323
1.69392 1336
1.69395 1348
1.69397 1352
1.69399 1354
1.69401 1357
1.69403 1358
1.69405 1361
1.69408 1362
1.69411 1366
1.69413 1370
1.69416 1372
1.69418 1375
1.6942 1376
1.70383 861
1.70388 1117
1.70395 1136
1.70404 1146
1.70413 1169
1.7042 1178
1.70426 1194
1.70432 1211
1.70439 1218
1.70444 1222
1.70451 1223
1.70453 1224
1.70455 1226
1.70457 1233
1.70459 1246
1.70464 1251
1.70466 1259
1.70468 1264
1.7047 1267
1.70473 1273
1.70475 1294
1.70477 1302
1.70481 1306
1.70484 1309
1.70486 1311
1.70489 1322
1.70492 1329
1.70496 1335
1.70498 1345
1.70502 1353
1.70504 1358
1.70506 1363
1.70509 1369
1.70511 1370
1.71485 720
1.71493 1150
1.71495 1153
1.71497 1164
1.71499 1172
1.71502 1208
1.71504 1223
1.71512 1239
1.71514 1243
1.71516 1247
1.71518 1254
1.7152 1255
1.71522 1257
1.71524 1271
1.71527 1277
1.71529 1289
1.71534 1308
1.71537 1309
1.71539 1311
1.71541 1316
1.71543 1319
1.71545 1327
1.71547 1328
1.7155 1336
1.71552 1337
1.71554 1338
1.71557 1354
1.7156 1370
1.71562 1373
1.71564 1376
1.71566 1378
1.71568 1383
1.7157 1387
1.71573 1404
1.71576 1406
1.7158 1414
1.71582 1417
1.71584 1421
1.71586 1424
1.71588 1430
1.7159 1438
1.71592 1440
1.71594 1441
1.72596 1121
1.72601 1146
1.72603 1154
1.72605 1176
1.72611 1223
1.72617 1235
1.72619 1248
1.72621 1249
1.72624 1257
1.72626 1262
1.72628 1266
1.7263 1277
1.72632 1278
1.72634 1284
1.72637 1285
1.72639 1304
1.72641 1316
1.72643 1319
1.72646 1329
1.72649 1335
1.72651 1342
1.72654 1346
1.72656 1359
1.72658 1380
1.7266 1385
1.72662 1386
1.72664 1388
1.72666 1389
1.72668 1392
1.72671 1398
1.72673 1404
1.72675 1408
1.72677 1410
1.72681 1420
1.72684 1426
1.72687 1428
1.72689 1430
1.72691 1440
1.72694 1441
1.73707 1105
1.73712 1172
1.73714 1208
1.73716 1210
1.7373 1213
1.73735 1214
1.73737 1217
1.73743 1236
1.73753 1250
1.73755 1256
1.73759 1262
1.73761 1266
1.73766 1285
1.73768 1304
1.73771 1316
1.73805 1328
1.7381 1337
1.73812 1339
1.73814 1344
1.73817 1346
1.73819 1359
1.73822 1373
1.73824 1379
1.73827 1389
1.73829 1397
1.73831 1411
1.73838 1426
1.7384 1428
1.73842 1430
1.73845 1431
1.73847 1437
1.73849 1444
1.73852 1445
1.74819 1176
1.74825 1205
1.74829 1217
1.74834 1248
1.74835 1249
1.74839 1304
1.74841 1317
1.74844 1332
1.74846 1343
1.74849 1346
1.74851 1355
1.74853 1380
1.74856 1396
1.74858 1411
1.74861 1425
1.74863 1427
1.74868 1435
1.7487 1439
1.74873 1444
1.74875 1458
1.74877 1460
1.7593 1206
1.75932 1207
1.75934 1210
1.75948 1230
1.75954 1256
1.75956 1300
1.7597 1325
1.75978 1332
1.75995 1355
1.75997 1379
1.76005 1384
1.76012 1395
1.7602 1399
1.7603 1400
1.76034 1431
1.76041 1435
1.76051 1461
1.76059 1462
1.76061 1474
1.77042 1161
1.77047 1199
1.77052 1206
1.77057 1209
1.77058 1232
1.77061 1260
1.77063 1298
1.77065 1312
1.77067 1315
1.7707 1324
1.77072 1326
1.77074 1331
1.77077 1355
1.77079 1368
1.77081 1384
1.77085 1409
1.77088 1412
1.7709 1419
1.77092 1433
1.77094 1435
1.77096 1446
1.77098 1447
1.77101 1457
1.77105 1466
1.77111 1475
1.77119 1703
1.78154 1242
1.78156 1252
1.78158 1260
1.78161 1265
1.78163 1325
1.78165 1330
1.78176 1405
1.78178 1409
1.78183 1457
1.78189 1469
1.78191 1476
1.78193 1483
1.78195 1484
1.782 1496
1.78202 1709
1.79266 1197
1.79272 1199
1.7928 1253
1.79285 1279
1.7929 1301
1.79295 1310
1.79302 1313
1.79308 1318
1.7931 1324
1.79312 1330
1.79317 1368
1.7932 1390
1.79323 1405
1.79327 1412
1.7933 1455
1.79332 1456
1.79334 1472
1.79336 1479
1.79338 1484
1.79341 1493
1.79343 1496
1.79345 1506
1.79347 1723
1.80375 1279
1.8038 1293
1.80387 1296
1.80389 1313
1.80392 1407
1.80394 1456
1.80399 1469
1.80401 1471
1.80403 1481
1.80405 1484
1.80408 1486
1.8041 1496
1.80413 1497
1.80417 1506
1.80421 1724
1.80424 1725
1.80426 1729
1.80428 1733
1.80431 1745
1.81485 1061
1.81494 1253
1.81498 1263
1.81502 1293
1.81513 1413
1.81522 1415
1.81529 1432
1.81534 1463
1.81539 1472
1.81546 1473
1.81551 1493
1.81559 1503
1.81563 1508
1.81572 1510
1.81577 1514
1.81584 1520
1.81598 1532
1.816 1533
1.81602 1537
1.81604 1542
1.81608 1546
1.8161 1764
1.81613 1768
1.81615 1773
1.81617 1777
1.82597 1407
1.82603 1416
1.82608 1453
1.82615 1463
1.82617 1464
1.82619 1491
1.82622 1507
1.82626 1523
1.82629 1525
1.82631 1533
1.82633 1537
1.82636 1543
1.82638 1779
1.82641 1782
1.82647 1790
1.82649 1811
1.83707 1061
1.83713 1182
1.83718 1314
1.8372 1418
1.83728 1432
1.83736 1467
1.83741 1494
1.83746 1498
1.8375 1508
1.83754 1520
1.83759 1526
1.83761 1532
1.83763 1535
1.83765 1538
1.83767 1539
1.8377 1546
1.83773 1820
1.8381 1823
1.83815 1828
1.8382 1829
1.83829 1830
1.83833 1831
1.83839 1841
1.8384 1846
1.83843 1853
1.8482 1464
1.84825 1480
1.84829 1490
1.84834 1491
1.84838 1519
1.84847 1524
1.84854 1529
1.84856 1864
1.84866 1870
1.84876 1880
1.84882 1885
1.84888 1886
1.84892 1896
1.84898 1901
1.849 1902
1.84902 1907
1.84912 1908
1.84917 1909
1.8593 1295
1.85935 1314
1.8594 1467
1.85942 1490
1.85944 1513
1.85949 1521
1.85953 1530
1.85956 1535
1.8596 1549
1.85962 1555
1.85966 1921
1.85968 1927
1.8597 1928
1.85973 1929
1.85975 1940
1.85977 1945
1.85979 1948
1.85981 1949
1.85984 1950
1.85986 1952
1.85988 1958
1.87046 1509
1.87052 1513
1.87057 1522
1.87063 1529
1.87065 1530
1.87073 1554
1.87075 1556
1.87077 1564
1.87079 1572
1.87084 1962
1.87086 1963
1.87088 1964
1.8709 1968
1.87092 1969
1.87094 1978
1.87096 1982
1.871 1986
1.87104 1988
1.87106 1990
1.87108 1994
1.8711 1999
1.87113 2000
1.87115 2013
1.88154 1531
1.8816 1557
1.88168 1558
1.88173 1573
1.88179 1575
1.88181 2020
1.88183 2031
1.88185 2042
1.882 2047
1.88202 2053
1.88204 2058
1.88206 2060
1.88209 2068
1.88212 2074
1.8822 2077
1.89263 1288
1.89269 1351
1.89275 1364
1.8928 1516
1.89282 1531
1.89292 1550
1.89294 1557
1.89296 1558
1.89305 1572
1.8931 2078
1.89312 2086
1.89317 2098
1.89319 2099
1.89321 2114
1.89324 2116
1.89326 2117
1.89329 2131
1.89336 2137
1.90374 1288
1.90379 1321
1.90383 1531
1.90389 1544
1.90396 1557
1.90401 1558
1.90403 1565
1.9041 1566
1.90412 1571
1.90415 1573
1.90416 1576
1.90435 1584
1.90444 1606
1.90448 1608
1.90458 1613
1.90468 1623
1.9047 1624
1.90472 1631
1.90475 2149
1.90478 2153
1.90481 2158
1.90483 2164
1.90485 2165
1.90487 2168
1.90517 2171
1.91485 1321
1.9149 1548
1.91496 1550
1.915 1563
1.91505 1565
1.9151 1566
1.91516 1574
1.9152 1581
1.91524 1584
1.91532 1586
1.91537 1597
1.91546 1598
1.9155 1603
1.91552 1604
1.91555 1609
1.9156 1617
1.91562 1620
1.91564 1624
1.91567 1626
1.91569 1630
1.91572 2183
1.91574 2187
1.91578 2197
1.9158 2198
1.91582 2204
1.91584 2205
1.92596 1321
1.92601 1403
1.92607 1517
1.92618 1571
1.92624 1580
1.92626 1584
1.92628 1590
1.92637 1596
1.92645 1597
1.92647 1601
1.92649 1602
1.92653 1622
1.92655 1624
1.92657 2210
1.9266 2212
1.92662 2217
1.92664 2219
1.92666 2220
1.92668 2228
1.9267 2230
1.92673 2231
1.92676 2239
1.92678 2241
1.9371 1560
1.93714 1588
1.93721 1592
1.9373 1603
1.93735 1609
1.93737 1617
1.93739 1627
1.93756 1636
1.93761 1646
1.93768 1647
1.9377 1650
1.93772 1657
1.93788 1660
1.9379 1662
1.93798 1663
1.93803 1668
1.93805 1673
1.93808 1677
1.9381 1689
1.93812 1700
1.94853 1451
1.94859 1590
1.94866 1592
1.94872 1594
1.94876 1601
1.94881 1607
1.94887 1611
1.94897 1622
1.94902 1632
1.94904 1633
1.94909 1636
1.94911 1645
1.94913 1654
1.94915 1663
1.94917 1669
1.94919 1671
1.94921 1673
1.94923 1674
1.94927 1682
1.94929 1693
1.94976 1698
1.94985 1701
1.9499 1702
1.94994 1704
1.94999 1705
1.95001 1711
1.95005 1712
1.95008 1714
1.9501 1716
1.95015 1730
1.95017 1731
1.95019 1741
1.95021 1747
1.95023 1774
1.95025 1787
1.95929 1429
1.95934 1451
1.95936 1495
1.95938 1560
1.9594 1588
1.95942 1592
1.95944 1615
1.95946 1627
1.95949 1632
1.95951 1633
1.95953 1641
1.95956 1657
1.95958 1672
1.9596 1677
1.95962 1684
1.95964 1687
1.95969 1691
1.95972 1693
1.95975 1704
1.95977 1706
1.95981 1712
1.95984 1715
1.95987 1718
1.95992 1728
1.95994 1731
1.95997 1732
1.95999 1735
1.96002 1739
1.96004 1744
1.96006 1746
1.9601 1754
1.96012 1757
1.96014 1759
1.96016 1761
1.96018 1762
1.9602 1765
1.96022 1780
1.96024 1783
1.97041 1579
1.97048 1638
1.97053 1641
1.97068 1671
1.97074 1678
1.97076 1682
1.97087 1694
1.97089 1695
1.97092 1698
1.97094 1707
1.97096 1708
1.97098 1711
1.97101 1719
1.97103 1720
1.97105 1734
1.97108 1737
1.9711 1740
1.97112 1747
1.97115 1750
1.97117 1759
1.97118 1763
1.97121 1771
1.97123 1780
1.97127 1784
1.97129 1798
1.97132 1799
1.97134 1800
1.97136 1803
1.97138 1804
1.97143 1807
1.97145 1813
1.97148 1815
1.9715 1816
1.97152 1826
1.97154 1827
1.97157 1838
1.97159 1840
1.97161 1852
1.98152 1582
1.9816 1583
1.98165 1593
1.98171 1599
1.98173 1614
1.98175 1618
1.98193 1675
1.98195 1678
1.98197 1710
1.98199 1713
1.98201 1722
1.98204 1735
1.98206 1749
1.98208 1750
1.98211 1759
1.98216 1765
1.98246 1771
1.98253 1778
1.98255 1781
1.98257 1793
1.98259 1795
1.98263 1802
1.98267 1814
1.98269 1816
1.98277 1833
1.98279 1837
1.98281 1840
1.98283 1844
1.98286 1845
1.98289 1852
1.98292 1854
1.98295 1855
1.99263 1579
1.99265 1582
1.99267 1583
1.99269 1587
1.99272 1618
1.99274 1619
1.99275 1644
1.99278 1675
1.9928 1678
1.99283 1683
1.99285 1696
1.99286 1708
1.99289 1713
1.99291 1720
1.99298 1722
1.993 1736
1.99302 1737
1.99304 1740
1.99306 1743
1.99309 1755
1.99311 1763
1.99314 1778
1.99316 1784
1.99318 1791
1.99321 1792
1.99325 1796
1.99328 1803
1.9933 1812
1.99333 1813
1.99336 1818
1.99338 1819
1.9934 1821
1.99342 1825
1.99347 1826
1.99349 1834
1.99351 1842
1.99353 1845
1.99356 1848
1.99359 1849
1.99361 1850
1.99364 1854
1.99366 1856
1.99368 1859
1.99371 1862
1.99373 1863
1.99376 1865
1.99378 1872
1.9938 1874
1.99382 1883
1.99385 1890
1.99388 1893
1.9939 1895
1.99392 1899
1.99394 1900
