1.0391 0
1.03912 2
1.04879 101
1.04885 102
1.04892 103
1.04894 106
1.04907 111
1.04915 118
1.04921 121
1.04926 122
1.0493 123
1.04932 124
1.04936 125
1.04945 129
1.0495 135
1.04954 136
1.04961 139
1.04968 140
1.04969 142
1.0498 144
1.04986 145
1.0499 150
1.04994 152
1.05002 153
1.05012 155
1.05016 157
1.05018 158
1.05027 159
1.05035 163
1.0504 165
1.05047 169
1.05053 170
1.05055 172
1.05058 173
1.05067 174
1.05072 175
1.05077 177
1.05086 179
1.05093 180
1.05097 182
1.05107 183
1.05116 184
1.05122 188
1.05127 189
1.05132 190
1.05138 191
1.05142 194
1.05147 195
1.05149 196
1.05151 198
1.05154 199
1.05931 203
1.05936 204
1.05989 209
1.05991 210
1.05993 211
1.06006 213
1.06011 215
1.06013 217
1.0602 219
1.06025 220
1.0603 223
1.06035 225
1.06041 227
1.06045 230
1.06047 231
1.06049 233
1.06051 234
1.06056 237
1.06058 238
1.0606 239
1.06062 240
1.06064 242
1.06066 244
1.06089 250
1.06091 251
1.06094 254
1.06096 256
1.06098 259
1.061 262
1.06102 264
1.06104 265
1.06106 266
1.06108 267
1.0611 268
1.06115 274
1.06117 278
1.06121 286
1.06123 289
1.06126 292
1.06128 293
1.06131 299
1.07045 302
1.07047 303
1.07049 304
1.07051 307
1.07053 308
1.07055 310
1.07058 311
1.0706 312
1.07062 314
1.07065 316
1.07068 319
1.0707 320
1.07072 322
1.07074 325
1.07076 328
1.07078 333
1.07081 334
1.07083 339
1.07085 340
1.07087 343
1.07089 344
1.07093 346
1.07095 349
1.07097 350
1.071 351
1.07102 354
1.07104 356
1.07106 357
1.07108 358
1.0711 359
1.07113 360
1.07115 362
1.07123 363
1.07128 366
1.0713 372
1.07132 377
1.07136 382
1.0714 385
1.07144 386
1.07367 387
1.07372 388
1.07379 389
1.07384 390
1.07393 391
1.07399 392
1.07403 393
1.08152 400
1.08157 406
1.08161 409
1.08166 410
1.08173 411
1.08178 415
1.08183 416
1.08189 422
1.08191 424
1.08193 425
1.08195 430
1.08211 431
1.08218 433
1.0822 434
1.08223 437
1.08227 440
1.08229 443
1.08231 445
1.08233 446
1.08235 447
1.08237 448
1.0824 449
1.08243 452
1.08245 453
1.08248 458
1.08251 460
1.08255 463
1.08257 464
1.08262 466
1.08264 467
1.08267 468
1.08269 472
1.08271 473
1.08273 474
1.08276 476
1.08278 477
1.0828 478
1.08282 480
1.08288 483
1.0829 485
1.08292 486
1.08295 491
1.08299 495
1.08301 496
1.08303 497
1.08305 499
1.09263 500
1.09268 505
1.09273 506
1.09353 507
1.09359 508
1.09361 510
1.09364 511
1.09366 512
1.09368 514
1.09371 515
1.09373 518
1.09375 519
1.09377 521
1.09381 527
1.09384 532
1.09386 533
1.09388 535
1.09391 536
1.09393 537
1.09396 538
1.09399 539
1.09401 540
1.09403 542
1.09405 543
1.09408 544
1.0941 545
1.09413 547
1.09415 548
1.09417 550
1.09419 551
1.09421 554
1.09423 555
1.09425 556
1.09427 557
1.09429 560
1.09432 561
1.09435 564
1.09437 566
1.09439 568
1.09445 571
1.09448 572
1.09452 574
1.09455 575
1.09459 579
1.09462 580
1.09464 582
1.09469 584
1.09471 586
1.09473 590
1.09475 592
1.09477 599
1.10374 600
1.10385 604
1.10393 606
1.10398 608
1.10402 610
1.10404 615
1.10413 616
1.10419 617
1.10421 619
1.10431 621
1.10436 627
1.10441 628
1.1045 629
1.10457 630
1.10461 631
1.10468 634
1.10474 635
1.10479 638
1.10485 639
1.10487 640
1.10489 642
1.10498 643
1.10502 647
1.10507 649
1.10512 650
1.10514 652
1.10516 656
1.10518 657
1.10521 660
1.10525 663
1.10528 665
1.1053 668
1.10532 669
1.10534 674
1.10536 675
1.10538 677
1.1054 678
1.10543 681
1.10545 682
1.10547 688
1.10549 690
1.10551 696
1.10553 698
1.11486 3
1.11584 4
1.1159 5
1.11595 6
1.116 9
1.11606 10
1.11608 14
1.1161 17
1.11612 21
1.11625 24
1.11627 26
1.11629 27
1.11633 35
1.11635 36
1.11638 37
1.1164 41
1.11643 45
1.11646 47
1.11648 50
1.1165 51
1.11652 54
1.11654 56
1.11656 57
1.11658 58
1.11661 59
1.11663 60
1.11665 61
1.11667 65
1.11675 67
1.11677 68
1.11679 71
1.11681 72
1.11683 74
1.11685 75
1.11688 77
1.1169 78
1.11692 79
1.11694 81
1.11699 88
1.11701 89
1.11703 90
1.11705 93
1.11707 94
1.11709 96
1.11712 99
1.11715 701
1.12605 5
1.12609 12
1.12611 13
1.12614 14
1.12616 15
1.1262 18
1.12788 21
1.1279 23
1.12792 25
1.12795 26
1.12798 28
1.12802 31
1.12804 32
1.12806 33
1.12808 34
1.12812 37
1.12814 39
1.12816 40
1.12821 49
1.12823 50
1.12832 58
1.12838 59
1.12841 60
1.12843 63
1.12845 66
1.12848 67
1.1285 68
1.12852 70
1.12854 71
1.12856 72
1.12858 73
1.1286 74
1.12862 75
1.12864 77
1.12866 78
1.12868 81
1.1287 82
1.12873 84
1.12875 86
1.12878 90
1.1288 91
1.12882 92
1.12884 94
1.12889 97
1.12891 98
1.12893 100
1.12895 104
1.12897 107
1.129 108
1.12904 110
1.12909 115
1.12914 119
1.12917 126
1.1292 130
1.12922 132
1.12924 133
1.12929 137
1.12933 146
1.12935 147
1.12939 148
1.12942 151
1.12945 154
1.12947 156
1.12949 164
1.12953 167
1.12955 168
1.1296 176
1.12962 178
1.12964 181
1.12966 186
1.13765 3
1.13773 4
1.1378 11
1.13785 12
1.13787 14
1.13789 15
1.13793 18
1.13795 19
1.13797 20
1.138 21
1.13803 22
1.13805 25
1.13807 29
1.1381 34
1.13812 36
1.13818 38
1.1382 42
1.13822 43
1.13824 45
1.1383 49
1.13832 50
1.13834 52
1.13837 55
1.1384 57
1.13842 58
1.13845 64
1.13847 65
1.13849 68
1.13851 69
1.13853 70
1.13855 73
1.13857 76
1.13859 78
1.13865 81
1.13867 82
1.13872 86
1.13874 87
1.13876 88
1.13878 89
1.13882 96
1.13884 108
1.13886 109
1.13888 112
1.13891 115
1.13893 116
1.13895 117
1.13897 119
1.13902 120
1.13904 126
1.13906 128
1.13908 130
1.1391 131
1.13912 132
1.13914 133
1.1412 134
1.14125 143
1.1413 147
1.14136 148
1.14141 154
1.14145 164
1.14151 168
1.14156 171
1.14161 178
1.14166 181
1.14171 186
1.14176 200
1.14182 205
1.14243 206
1.14248 207
1.14253 212
1.14258 218
1.14305 228
1.14312 232
1.14317 235
1.14323 241
1.14325 245
1.14327 246
1.14331 253
1.14333 255
1.14335 257
1.1434 269
1.14342 275
1.14344 279
1.14347 280
1.14349 283
1.14351 284
1.14353 285
1.14356 288
1.14358 291
1.14407 294
1.14413 295
1.14417 296
1.14421 297
1.15115 1
1.1512 7
1.15128 11
1.15133 13
1.15137 18
1.15146 20
1.15148 28
1.15151 29
1.15153 30
1.15155 32
1.15157 38
1.1516 52
1.15162 53
1.15164 62
1.15167 64
1.15169 70
1.15171 73
1.15173 76
1.15175 85
1.15177 86
1.15231 91
1.15233 92
1.15238 98
1.1524 100
1.15242 105
1.15245 109
1.15247 110
1.1525 112
1.15252 114
1.15256 115
1.1526 117
1.15265 133
1.15267 138
1.1527 141
1.15272 148
1.15274 149
1.15277 156
1.15279 164
1.15281 166
1.15283 168
1.15286 181
1.15289 185
1.15291 187
1.15293 192
1.15297 197
1.15299 200
1.15302 202
1.15304 206
1.15307 207
1.15309 212
1.15312 214
1.15315 218
1.15317 226
1.15322 229
1.15325 235
1.15327 245
1.15329 246
1.15332 248
1.15334 253
1.15336 255
1.15338 257
1.15341 258
1.15343 277
1.15345 280
1.15348 281
1.1535 283
1.15352 288
1.15372 291
1.15374 295
1.15553 297
1.15558 298
1.15563 301
1.15575 321
1.15582 323
1.15587 324
1.15592 327
1.15599 329
1.15605 330
1.15609 335
1.15617 336
1.15622 337
1.15627 338
1.15632 341
1.15636 347
1.15644 348
1.15649 355
1.15655 364
1.15659 365
1.15661 367
1.15663 371
1.15668 380
1.1567 381
1.15672 383
1.15674 384
1.15678 396
1.1568 398
1.15992 1
1.15998 7
1.16002 16
1.16004 19
1.16006 20
1.16009 22
1.16011 29
1.16013 30
1.16015 42
1.1602 52
1.16022 69
1.16024 76
1.16027 80
1.16029 83
1.16032 85
1.16034 87
1.16036 109
1.16038 112
1.16041 114
1.16043 117
1.16046 120
1.16048 127
1.1605 131
1.16052 138
1.16055 143
1.16057 162
1.16059 185
1.16061 187
1.16066 202
1.16071 216
1.16073 222
1.16075 228
1.16079 232
1.16081 241
1.16083 252
1.16085 253
1.16087 255
1.16089 257
1.16091 261
1.16093 263
1.16096 271
1.16098 272
1.161 276
1.16102 280
1.16105 282
1.1611 288
1.16112 294
1.16114 295
1.16117 298
1.16121 306
1.16123 313
1.16126 315
1.16128 321
1.16131 326
1.16133 330
1.16135 331
1.16137 336
1.16139 337
1.16141 341
1.16144 342
1.16146 345
1.16149 347
1.16151 352
1.16154 361
1.16159 365
1.16161 370
1.16165 378
1.16168 381
1.1617 383
1.16172 394
1.16174 397
1.16178 399
1.16184 404
1.16186 412
1.1619 426
1.16193 435
1.16195 439
1.162 450
1.17333 1
1.17338 7
1.17343 30
1.17345 44
1.17347 48
1.1735 80
1.17352 85
1.17354 113
1.17358 160
1.17361 162
1.17363 185
1.17366 192
1.17368 197
1.1737 201
1.17373 202
1.17378 208
1.17381 212
1.17383 216
1.17386 222
1.17388 224
1.1739 229
1.17395 235
1.174 245
1.17402 246
1.17404 247
1.17406 252
1.17409 253
1.17411 260
1.17413 261
1.17415 270
1.17417 275
1.17419 276
1.17421 277
1.17426 285
1.17428 287
1.17431 288
1.17433 290
1.17435 291
1.17437 296
1.17441 298
1.17443 300
1.17445 309
1.17447 315
1.17449 317
1.17451 321
1.17453 323
1.17455 326
1.17458 327
1.17463 335
1.17465 337
1.17467 338
1.1747 341
1.17473 342
1.17475 348
1.17478 353
1.1748 364
1.17482 365
1.17486 371
1.17489 373
1.17491 379
1.17494 380
1.17496 381
1.17498 384
1.17501 404
1.17506 408
1.17509 412
1.17511 414
1.17513 419
1.17515 420
1.17518 421
1.1752 427
1.17522 429
1.17524 436
1.17527 439
1.17529 441
1.17531 442
1.17533 444
1.17535 451
1.17538 457
1.1754 459
1.17542 461
1.17544 465
1.17547 469
1.17549 481
1.1824 48
1.18245 53
1.18247 62
1.1825 83
1.18252 95
1.18254 105
1.18256 114
1.18258 141
1.1826 149
1.18262 160
1.18264 185
1.18266 197
1.18269 214
1.18271 216
1.18273 221
1.18275 222
1.18279 236
1.18281 247
1.18283 252
1.18285 258
1.18287 271
1.18291 276
1.18293 277
1.18295 281
1.18297 287
1.18299 300
1.18301 305
1.18304 306
1.18306 309
1.18308 313
1.18311 315
1.18316 323
1.18318 326
1.1832 329
1.18322 331
1.18324 335
1.18326 336
1.18328 338
1.1833 341
1.18334 347
1.18342 352
1.18467 353
1.18468 355
1.18477 361
1.18484 367
1.18488 371
1.18493 373
1.18499 374
1.18509 375
1.18513 376
1.18517 379
1.18523 380
1.18528 384
1.18533 394
1.18538 396
1.18544 399
1.18549 403
1.18557 405
1.18562 408
1.18564 413
1.18566 417
1.18579 418
1.18587 423
1.18592 426
1.186 427
1.18605 429
1.18607 432
1.18609 439
1.18611 444
1.18616 454
1.18618 455
1.18625 469
1.18627 471
1.18629 482
1.18631 487
1.18634 490
1.18637 492
1.1864 494
1.18642 498
1.18644 503
1.18646 504
1.19265 8
1.19269 44
1.19271 113
1.19276 208
1.19278 243
1.19288 270
1.19327 271
1.19332 276
1.19339 282
1.19344 287
1.19346 300
1.19355 315
1.19357 317
1.19359 318
1.19362 326
1.19366 352
1.1937 368
1.19372 375
1.19374 395
1.19376 397
1.19379 399
1.19381 401
1.19383 405
1.19389 408
1.19391 412
1.19393 414
1.19395 418
1.19398 423
1.194 438
1.19402 439
1.19404 451
1.19406 456
1.19409 459
1.19411 469
1.19413 470
1.19415 471
1.19417 481
1.19419 482
1.19421 484
1.19424 487
1.19426 492
1.19429 493
1.19434 498
1.19436 501
1.19442 504
1.19444 516
1.19446 517
1.19449 522
1.19453 525
1.19455 529
1.19459 534
1.19461 546
1.19463 549
1.19466 552
1.19468 553
1.19473 563
1.19475 565
1.19477 567
1.19479 570
1.19481 576
1.19483 581
1.20376 208
1.20381 221
1.20383 224
1.20385 243
1.20388 260
1.2039 270
1.20392 273
1.20394 300
1.20396 353
1.20399 368
1.20401 373
1.20403 374
1.20406 375
1.20408 395
1.20411 402
1.20413 408
1.20415 413
1.20417 414
1.20419 417
1.20423 420
1.20426 423
1.20428 436
1.20431 438
1.20433 444
1.20436 451
1.20438 454
1.20443 455
1.20445 459
1.20447 461
1.20449 465
1.20451 471
1.20453 481
1.20456 484
1.20459 492
1.20461 493
1.20463 494
1.20466 501
1.2047 503
1.20472 509
1.20474 513
1.20477 517
1.20481 530
1.20483 534
1.20485 549
1.20488 552
1.20494 577
1.20497 585
1.21485 8
1.21487 46
1.21491 318
1.21503 395
1.21507 401
1.21509 402
1.21511 438
1.21545 470
1.21555 471
1.21562 475
1.21569 479
1.21581 488
1.21586 494
1.2159 498
1.21596 503
1.21598 509
1.216 513
1.21612 517
1.21618 523
1.2162 524
1.21622 528
1.21624 531
1.21626 534
1.21629 546
1.21634 553
1.21636 558
1.21638 559
1.2164 565
1.21644 570
1.21646 573
1.21648 577
1.21652 581
1.21654 585
1.21656 587
1.21658 588
1.2166 593
1.21664 605
1.21671 704
1.21674 707
1.21676 709
1.21678 710
1.21681 711
1.21683 713
1.21685 714
1.21689 715
1.22596 193
1.22603 273
1.22609 369
1.22613 402
1.22718 407
1.22726 428
1.22728 462
1.2273 489
1.22732 502
1.22746 509
1.22751 520
1.22759 526
1.22765 530
1.22769 531
1.22771 559
1.22774 573
1.22776 583
1.22778 585
1.2278 587
1.22784 589
1.22786 594
1.22788 595
1.22793 598
1.22795 601
1.22798 602
1.22801 721
1.22803 722
1.22806 724
1.22808 725
1.2281 728
1.22815 734
1.22817 736
1.22819 738
1.22821 740
1.22823 741
1.22826 744
1.2283 746
1.22832 747
1.22835 748
1.22837 751
1.2284 752
1.22842 753
1.22844 755
1.22846 757
1.22848 758
1.2285 759
1.22853 760
1.22855 761
1.2286 766
1.23714 161
1.23723 407
1.23729 479
1.23733 526
1.23736 531
1.23738 541
1.23741 559
1.23743 569
1.23745 583
1.23748 588
1.23752 589
1.23754 591
1.23757 593
1.23759 594
1.23761 595
1.23764 596
1.23766 597
1.23768 601
1.23771 767
1.23773 771
1.23778 774
1.2378 776
1.23782 777
1.23786 779
1.23788 781
1.23791 782
1.23795 784
1.23799 790
1.23804 794
1.23807 795
1.2381 798
1.23812 799
1.23814 802
1.23816 803
1.23821 806
1.23823 813
1.23825 814
1.23828 815
1.2383 819
1.23832 823
1.24839 407
1.24846 462
1.24852 541
1.24857 569
1.24864 596
1.2487 598
1.24876 603
1.24881 609
1.24886 612
1.24888 620
1.24893 622
1.24906 641
1.24911 825
1.24915 828
1.24924 830
1.24926 832
1.24931 834
1.24933 836
1.24949 840
1.24953 844
1.24957 848
1.24962 849
1.24967 853
1.24972 854
1.24976 855
1.24978 857
1.24981 859
1.24983 861
1.24988 862
1.25 863
1.25004 866
1.25006 867
1.25126 869
1.25131 870
1.25133 871
1.25137 873
1.25139 878
1.25932 161
1.25938 249
1.26023 541
1.26031 578
1.26035 611
1.2604 612
1.26049 614
1.26054 620
1.26059 623
1.26064 625
1.26074 626
1.26083 632
1.26091 636
1.26093 641
1.26096 644
1.26098 880
1.26102 881
1.26105 882
1.26108 883
1.2611 884
1.26121 893
1.26123 894
1.26133 897
1.26154 898
1.26158 907
1.26163 910
1.26168 913
1.2617 915
1.26172 917
1.26174 918
1.26176 923
1.26179 924
1.26181 926
1.26184 929
1.26186 931
1.26189 935
1.26191 936
1.26194 937
1.26196 938
1.26198 946
1.262 947
1.27079 249
1.27147 562
1.27151 578
1.27157 613
1.27162 614
1.27166 618
1.27171 622
1.27178 626
1.27183 632
1.2719 645
1.27195 651
1.27199 654
1.27208 661
1.27213 664
1.27217 666
1.27222 670
1.2723 672
1.27236 679
1.27242 680
1.27246 953
1.27251 955
1.27257 956
1.27261 959
1.27266 965
1.27274 966
1.27282 970
1.27287 972
1.27291 976
1.27298 979
1.273 980
1.27302 982
1.27304 984
1.27306 985
1.27308 986
1.2731 987
1.27313 990
1.27316 991
1.27318 995
1.2732 996
1.27322 1000
1.27324 1002
1.28154 332
1.28158 611
1.28171 614
1.28175 623
1.2818 624
1.28186 625
1.2819 637
1.28194 644
1.28201 645
1.2821 646
1.28215 648
1.28217 651
1.28219 655
1.28222 658
1.28223 659
1.28229 664
1.28231 666
1.28233 673
1.28238 679
1.2824 1004
1.28243 1007
1.28246 1009
1.28248 1014
1.2825 1019
1.28251 1023
1.28254 1025
1.28256 1028
1.28258 1033
1.28261 1036
1.28264 1038
1.28266 1039
1.28268 1041
1.28271 1042
1.28273 1043
1.28275 1044
1.28277 1046
1.2828 1049
1.28281 1050
1.28284 1051
1.28286 1057
1.28288 1059
1.2829 1060
1.28292 1062
1.28294 1063
1.28297 1064
1.29263 562
1.29265 607
1.29267 637
1.29269 648
1.29273 654
1.29275 664
1.29279 667
1.29281 670
1.29286 676
1.29295 680
1.29317 683
1.29323 684
1.29331 686
1.29336 692
1.29341 697
1.29347 702
1.29354 705
1.29365 708
1.2937 712
1.29375 718
1.29377 723
1.29379 726
1.29381 731
1.29386 735
1.29388 742
1.2939 1068
1.29393 1070
1.29395 1071
1.29397 1072
1.29402 1075
1.29404 1076
1.29406 1077
1.29409 1078
1.29411 1080
1.29413 1085
1.29417 1087
1.29419 1089
1.29422 1090
1.29424 1092
1.29427 1094
1.30441 624
1.30445 655
1.30448 658
1.3045 659
1.30452 662
1.30454 667
1.30456 673
1.30458 684
1.3046 687
1.30463 691
1.30465 693
1.30467 694
1.3047 697
1.30472 702
1.30474 703
1.30477 708
1.30482 712
1.30484 719
1.30489 720
1.30491 723
1.30493 726
1.30497 731
1.30499 733
1.30502 735
1.30504 737
1.30506 750
1.30509 1095
1.30511 1096
1.30516 1098
1.30518 1099
1.3052 1100
1.30522 1102
1.30525 1107
1.30529 1116
1.30531 1117
1.30533 1119
1.30535 1121
1.30537 1123
1.30539 1126
1.30541 1127
1.30543 1128
1.30545 1129
1.30548 1130
1.3055 1133
1.30554 1134
1.30557 1137
1.31532 653
1.31534 671
1.31536 676
1.31538 683
1.3154 684
1.31543 686
1.31545 687
1.31548 691
1.3155 692
1.31552 693
1.31555 695
1.31557 697
1.31559 700
1.31561 703
1.31563 705
1.31565 706
1.31568 727
1.3157 730
1.31572 733
1.31576 742
1.31581 754
1.31583 756
1.31585 762
1.31588 763
1.3159 764
1.31592 775
1.31595 778
1.31598 780
1.31602 789
1.31604 797
1.31607 800
1.31609 809
1.31611 810
1.31613 817
1.31615 1139
1.31617 1140
1.31619 1142
1.31622 1144
1.31624 1145
1.31626 1146
1.31629 1148
1.32666 653
1.32675 699
1.32684 706
1.32688 719
1.32693 730
1.32695 732
1.32698 733
1.327 739
1.32702 745
1.32704 750
1.32706 756
1.32708 765
1.3271 768
1.32712 769
1.32714 772
1.32716 773
1.32718 775
1.3272 788
1.32722 789
1.32724 791
1.32727 793
1.32729 796
1.32731 800
1.32733 807
1.32735 808
1.32737 809
1.32739 810
1.32742 811
1.32744 812
1.32746 816
1.32748 818
1.3275 820
1.32752 824
1.32755 826
1.32757 837
1.32759 838
1.32762 839
1.32764 841
1.32768 847
1.3277 850
1.32772 852
1.32775 856
1.32779 860
1.32781 864
1.32784 879
1.32786 889
1.33053 890
1.33055 891
1.33058 892
1.3306 895
1.33062 899
1.33853 633
1.33869 671
1.33875 685
1.33881 689
1.33885 700
1.33887 717
1.33889 732
1.33892 739
1.33894 743
1.33897 749
1.33899 756
1.33901 762
1.33904 763
1.33907 765
1.33909 768
1.33912 770
1.33914 772
1.33917 773
1.33919 775
1.33923 780
1.33925 786
1.33927 787
1.33929 789
1.33932 791
1.33934 792
1.33937 793
1.33939 797
1.33941 800
1.33946 805
1.33949 810
1.33951 812
1.33953 816
1.33956 821
1.33959 824
1.33961 826
1.33963 827
1.33965 831
1.33967 833
1.33969 838
1.33971 842
1.33973 843
1.33979 847
1.33982 852
1.33984 856
1.33987 858
1.33989 860
1.33991 864
1.33993 875
1.33995 876
1.33997 879
1.34003 888
1.34005 890
1.34007 891
1.34009 895
1.34011 896
1.34013 900
1.34015 901
1.34021 904
1.34023 905
1.34025 906
1.3403 914
1.34032 921
1.34034 922
1.34036 925
1.34039 934
1.34041 940
1.34043 941
1.34045 943
1.34047 949
1.3405 950
1.34052 952
1.34054 954
1.34061 963
1.34063 967
1.34066 973
1.34068 974
1.34855 633
1.3486 685
1.34865 699
1.34873 717
1.34878 743
1.3488 745
1.35103 770
1.35107 772
1.35112 773
1.35123 788
1.35129 792
1.35133 793
1.35138 801
1.35142 804
1.35144 805
1.35148 808
1.3515 811
1.35153 816
1.35155 820
1.35157 822
1.35159 824
1.35161 826
1.35163 827
1.35166 833
1.35168 839
1.35171 841
1.35173 851
1.35175 852
1.35177 856
1.3518 872
1.35182 874
1.35185 875
1.35188 886
1.3519 887
1.35192 891
1.35194 892
1.35196 895
1.35198 901
1.35201 903
1.35203 904
1.35205 905
1.35208 906
1.35213 914
1.35215 916
1.35218 919
1.3522 920
1.35222 933
1.35224 934
1.35227 940
1.35232 942
1.35234 949
1.35237 951
1.35239 954
1.35241 962
1.35244 967
1.35246 968
1.35248 974
1.3525 975
1.35252 978
1.35254 981
1.35256 983
1.35258 988
1.3526 993
1.35262 994
1.35264 1001
1.35267 1003
1.35269 1006
1.35272 1008
1.35274 1010
1.35277 1011
1.35279 1012
1.35281 1015
1.35283 1016
1.35286 1020
1.35288 1022
1.3529 1024
1.35293 1027
1.35295 1029
1.35298 1031
1.353 1035
1.35303 1037
1.35969 633
1.35973 716
1.3598 729
1.35982 783
1.35984 786
1.35986 792
1.35988 805
1.35991 835
1.35995 846
1.35997 851
1.35999 858
1.36002 865
1.36004 874
1.36006 876
1.36011 888
1.36013 896
1.36015 900
1.36017 901
1.36019 903
1.36022 906
1.36024 909
1.36026 911
1.3603 921
1.36034 925
1.36039 934
1.36041 939
1.36043 940
1.36045 943
1.36047 944
1.36049 949
1.36051 950
1.36053 951
1.36056 957
1.36059 963
1.36061 964
1.36063 967
1.36065 968
1.36068 969
1.36072 973
1.36075 974
1.36077 975
1.36079 983
1.36083 992
1.36085 998
1.36088 1005
1.3609 1008
1.36092 1013
1.36094 1017
1.36097 1024
1.361 1027
1.36102 1029
1.36105 1030
1.36107 1037
1.36109 1040
1.36111 1045
1.37053 729
1.37057 822
1.37062 835
1.3707 845
1.37079 846
1.37084 851
1.37094 868
1.371 872
1.37109 874
1.37116 877
1.37121 885
1.37126 886
1.37128 896
1.3713 900
1.37134 909
1.37137 911
1.37139 914
1.37141 920
1.37143 927
1.37145 928
1.37147 930
1.3715 934
1.37153 939
1.37155 941
1.37159 943
1.37161 944
1.37165 945
1.37167 948
1.37169 949
1.37171 951
1.37175 960
1.37178 964
1.3718 967
1.37183 969
1.37185 973
1.37187 977
1.37189 988
1.37192 994
1.37194 997
1.37196 998
1.37198 999
1.37201 1001
1.37204 1005
1.37207 1006
1.37209 1008
1.37211 1010
1.37213 1011
1.37215 1015
1.37217 1016
1.37219 1018
1.37222 1020
1.37224 1022
1.37226 1027
1.37228 1029
1.3723 1031
1.37233 1034
1.37235 1045
1.37237 1048
1.3822 716
1.38229 729
1.38231 785
1.38233 829
1.38237 868
1.38244 874
1.38246 885
1.38248 886
1.38251 908
1.38253 912
1.38255 916
1.38257 919
1.38259 927
1.38261 930
1.38264 932
1.38267 939
1.38269 945
1.38271 951
1.38273 960
1.38275 962
1.38278 969
1.38281 971
1.38285 978
1.38288 992
1.3829 997
1.38292 998
1.38294 999
1.38296 1001
1.38298 1003
1.38301 1005
1.38303 1006
1.38306 1008
1.38308 1012
1.3831 1015
1.38312 1016
1.38314 1017
1.38318 1026
1.3832 1027
1.38323 1031
1.38325 1032
1.38328 1034
1.38331 1035
1.38334 1052
1.38336 1054
1.38338 1058
1.3834 1154
1.39267 845
1.39275 930
1.3928 948
1.39284 960
1.39292 977
1.39299 989
1.39306 1021
1.39311 1034
1.39315 1047
1.39321 1048
1.39325 1054
1.3933 1055
1.39335 1061
1.39337 1065
1.39341 1155
1.39344 1156
1.39347 1157
1.3935 1164
1.39354 1167
1.39356 1169
1.39358 1170
1.3936 1175
1.39362 1176
1.39364 1179
1.39369 1181
1.39371 1182
1.39373 1183
1.39375 1185
1.39378 1190
1.39514 1191
1.39516 1193
1.39518 1194
1.3952 1196
1.39523 1197
1.39526 1199
1.39528 1201
1.3953 1203
1.39532 1204
1.39535 1206
1.39539 1208
1.39542 1209
1.39547 1212
1.40408 785
1.40413 902
1.40415 912
1.40417 932
1.40419 961
1.40421 971
1.40426 989
1.40456 1047
1.40461 1053
1.40463 1056
1.40479 1061
1.40488 1066
1.40495 1069
1.40499 1213
1.40504 1214
1.40509 1216
1.40514 1219
1.40519 1222
1.40528 1224
1.40533 1225
1.40535 1227
1.40537 1228
1.40539 1230
1.40542 1234
1.40544 1235
1.40546 1236
1.40548 1237
1.4055 1240
1.40552 1243
1.40555 1244
1.40557 1245
1.40559 1246
1.40562 1247
1.40564 1248
1.40566 1251
1.40568 1252
1.4057 1254
1.40572 1255
1.40575 1256
1.40577 1259
1.4058 1262
1.40582 1264
1.40585 1269
1.40587 1271
1.40589 1275
1.40591 1276
1.40594 1278
1.40598 1280
1.40601 1281
1.40603 1283
1.41485 902
1.41492 989
1.41498 1021
1.41503 1056
1.41505 1065
1.41507 1066
1.41509 1073
1.41512 1074
1.41515 1079
1.41517 1083
1.41519 1084
1.41521 1093
1.41524 1287
1.41526 1288
1.41528 1290
1.41587 1291
1.41592 1292
1.41597 1293
1.41602 1295
1.41608 1302
1.4161 1303
1.41612 1308
1.41615 1310
1.41617 1311
1.4162 1312
1.41622 1314
1.41624 1315
1.41626 1316
1.4163 1320
1.41632 1322
1.41634 1324
1.41636 1325
1.41638 1327
1.4164 1329
1.41643 1330
1.41645 1331
1.41647 1333
1.41649 1334
1.41652 1338
1.41654 1345
1.41656 1346
1.41658 1348
1.4166 1352
1.41662 1355
1.41664 1357
1.41667 1358
1.41671 1360
1.42596 961
1.42754 1053
1.42758 1056
1.42763 1066
1.42767 1069
1.42773 1073
1.42777 1081
1.42783 1083
1.42788 1084
1.42792 1362
1.42801 1363
1.42803 1364
1.42805 1365
1.42808 1368
1.42813 1369
1.4283 1374
1.42841 1387
1.42846 1392
1.42851 1393
1.42853 1395
1.42856 1396
1.42858 1399
1.4286 1400
1.42865 1403
1.42867 1405
1.42869 1407
1.42874 1411
1.42876 1413
1.42879 1415
1.42881 1416
1.42883 1420
1.42885 1421
1.42887 1428
1.42889 1429
1.42891 1431
1.42899 1434
1.42903 1436
1.42906 1438
1.42908 1440
1.4291 1442
1.43809 1067
1.43811 1074
1.43813 1079
1.43815 1083
1.43817 1093
1.43824 1105
1.43826 1106
1.43828 1109
1.4383 1110
1.43832 1113
1.43835 1114
1.43837 1118
1.43839 1122
1.43841 1124
1.43844 1132
1.43846 1443
1.43851 1447
1.43853 1449
1.43855 1451
1.43857 1453
1.4386 1454
1.43862 1455
1.43864 1457
1.43866 1458
1.43868 1460
1.4387 1466
1.43872 1469
1.43875 1471
1.43877 1472
1.4388 1473
1.43882 1475
1.43887 1478
1.43889 1479
1.43894 1483
1.43896 1484
1.43898 1485
1.439 1486
1.43903 1488
1.43907 1495
1.43909 1497
1.43911 1499
1.43913 1500
1.43915 1501
1.43918 1503
1.4392 1504
1.43922 1506
1.44858 1067
1.44863 1081
1.44865 1088
1.44867 1091
1.44869 1101
1.44871 1105
1.44874 1108
1.44878 1110
1.4488 1112
1.44882 1113
1.44884 1115
1.44886 1118
1.44888 1122
1.4489 1132
1.44962 1512
1.44964 1515
1.44967 1518
1.44969 1519
1.44971 1521
1.44974 1523
1.44976 1526
1.44978 1529
1.4498 1532
1.44983 1534
1.44987 1537
1.44989 1539
1.44992 1540
1.44994 1546
1.44996 1548
1.44998 1549
1.45008 1551
1.4501 1554
1.45015 1560
1.45017 1561
1.45021 1564
1.45023 1565
1.45028 1567
1.45031 1570
1.45035 1576
1.45037 1578
1.4504 1579
1.45929 1067
1.45934 1082
1.4594 1086
1.45941 1091
1.45946 1103
1.45948 1111
1.45958 1115
1.4596 1118
1.45963 1120
1.45967 1125
1.45986 1135
1.45994 1141
1.45998 1143
1.46007 1151
1.46012 1158
1.46017 1159
1.46022 1160
1.46027 1163
1.46036 1168
1.46043 1171
1.46047 1174
1.46058 1180
1.46066 1187
1.46071 1189
1.46075 1192
1.46077 1195
1.46087 1205
1.46089 1582
1.46091 1585
1.46093 1586
1.46098 1591
1.46102 1594
1.46104 1597
1.46107 1600
1.4611 1601
1.46114 1605
1.46117 1606
1.46119 1607
1.46121 1612
1.46124 1613
1.46126 1614
1.47089 958
1.47096 1086
1.47102 1101
1.47104 1103
1.47114 1108
1.47118 1115
1.4712 1120
1.47122 1125
1.47123 1138
1.47126 1141
1.47128 1143
1.4713 1149
1.47132 1151
1.47136 1153
1.47141 1168
1.47143 1171
1.47145 1172
1.47147 1173
1.47149 1174
1.47152 1177
1.47154 1178
1.47156 1184
1.47158 1186
1.4716 1188
1.47162 1189
1.47164 1198
1.47167 1202
1.4717 1205
1.47174 1217
1.47176 1220
1.47178 1223
1.47181 1232
1.47183 1239
1.47185 1241
1.47187 1250
1.47189 1253
1.47192 1257
1.47195 1261
1.47197 1265
1.47199 1266
1.47201 1270
1.47203 1274
1.47205 1277
1.47207 1279
1.4721 1285
1.47213 1289
1.47215 1294
1.47217 1296
1.47222 1297
1.48229 958
1.48233 1082
1.48239 1111
1.48243 1125
1.48247 1136
1.48252 1138
1.48256 1150
1.48261 1151
1.48263 1152
1.48266 1153
1.48268 1159
1.48279 1160
1.48286 1161
1.48291 1168
1.48296 1171
1.48301 1173
1.48307 1184
1.48315 1186
1.48319 1192
1.48324 1198
1.48332 1202
1.48342 1210
1.48343 1215
1.48421 1220
1.48423 1223
1.48425 1229
1.48427 1231
1.48432 1233
1.48434 1239
1.48437 1241
1.48439 1253
1.48441 1261
1.48443 1263
1.48445 1265
1.48448 1266
1.4845 1267
1.48452 1268
1.48455 1273
1.48457 1279
1.48459 1284
1.48461 1289
1.48463 1296
1.48465 1299
1.48467 1304
1.48469 1305
1.48472 1309
1.48474 1313
1.48476 1318
1.48478 1328
1.4848 1332
1.48482 1337
1.48484 1339
1.48486 1349
1.48488 1350
1.4849 1353
1.48492 1354
1.48494 1356
1.48498 1359
1.485 1361
1.48502 1366
1.48504 1370
1.48507 1371
1.48509 1372
1.48511 1376
1.48514 1377
1.48516 1379
1.49326 1097
1.49333 1147
1.49338 1153
1.49343 1161
1.49353 1165
1.49363 1173
1.49365 1178
1.49367 1184
1.49377 1186
1.49385 1202
1.49387 1207
1.49389 1211
1.49393 1217
1.49395 1220
1.49397 1229
1.49402 1250
1.49404 1253
1.49409 1260
1.49411 1261
1.49413 1263
1.4942 1268
1.49422 1270
1.49425 1272
1.49427 1274
1.49429 1279
1.49431 1285
1.49447 1289
1.4945 1296
1.49452 1300
1.49456 1309
1.4964 1313
1.49648 1328
1.49656 1332
1.49658 1335
1.49665 1341
1.4967 1342
1.49672 1343
1.49675 1353
1.49677 1354
1.4968 1356
1.49682 1359
1.49689 1370
1.49692 1371
1.49694 1375
1.49697 1376
1.49701 1383
1.50378 1104
1.50382 1162
1.50384 1165
1.50386 1166
1.50393 1229
1.50395 1233
1.50398 1249
1.50402 1258
1.50404 1260
1.50406 1267
1.50408 1272
1.50415 1284
1.50417 1286
1.50419 1298
1.50421 1301
1.50423 1307
1.50425 1309
1.50427 1313
1.50429 1319
1.50431 1323
1.50433 1339
1.50436 1341
1.50438 1344
1.50442 1353
1.50444 1366
1.50446 1370
1.50448 1372
1.5045 1373
1.50452 1376
1.5046 1380
1.50464 1391
1.50466 1394
1.50468 1401
1.5047 1402
1.50473 1404
1.50475 1406
1.50478 1410
1.5048 1412
1.50482 1424
1.50484 1425
1.50486 1426
1.50489 1427
1.51485 1104
1.51491 1147
1.51499 1162
1.51512 1218
1.51516 1221
1.51518 1226
1.51521 1260
1.51523 1272
1.51527 1282
1.51529 1286
1.51531 1298
1.51533 1300
1.51536 1301
1.51538 1307
1.5154 1321
1.51543 1340
1.51546 1341
1.51549 1342
1.5155 1347
1.51552 1351
1.51555 1367
1.51559 1381
1.51562 1389
1.51564 1390
1.51566 1398
1.51569 1401
1.51571 1402
1.51573 1404
1.51575 1410
1.51578 1412
1.51581 1414
1.51583 1422
1.51585 1426
1.5159 1435
1.51592 1437
1.51594 1441
1.51598 1445
1.516 1446
1.51603 1448
1.51606 1450
1.51608 1459
1.5161 1461
1.51612 1474
1.51616 1481
1.5162 1482
1.51622 1487
1.51624 1491
1.51627 1492
1.51629 1493
1.52598 1131
1.5261 1162
1.52617 1218
1.52622 1258
1.52628 1306
1.52635 1307
1.5264 1319
1.52646 1323
1.52648 1336
1.5265 1347
1.52654 1367
1.52661 1385
1.52663 1386
1.52666 1389
1.52671 1394
1.52673 1398
1.52675 1402
1.52679 1422
1.52682 1424
1.52684 1427
1.52691 1435
1.52693 1437
1.52695 1439
1.527 1446
1.52702 1452
1.52704 1456
1.52707 1461
1.52709 1463
1.52712 1467
1.52713 1470
1.52715 1474
1.5272 1480
1.52723 1481
1.52726 1482
1.5273 1491
1.52732 1496
1.52738 1509
1.52741 1510
1.52743 1514
1.52748 1520
1.5275 1525
1.52753 1527
1.53769 1218
1.53773 1282
1.53778 1317
1.53783 1326
1.53787 1336
1.53793 1347
1.53795 1367
1.53805 1381
1.5381 1382
1.53817 1389
1.53825 1397
1.53834 1418
1.53839 1422
1.53841 1430
1.53845 1445
1.53848 1450
1.5385 1452
1.53852 1456
1.54004 1462
1.54008 1463
1.5401 1464
1.54012 1467
1.54015 1470
1.54017 1474
1.54036 1476
1.54038 1477
1.54044 1480
1.54046 1481
1.54049 1482
1.54051 1491
1.54054 1494
1.54056 1496
1.54058 1502
1.5406 1505
1.54062 1507
1.54064 1510
1.54066 1514
1.54069 1516
1.54071 1517
1.54073 1520
1.54075 1524
1.54077 1527
1.5408 1528
1.54082 1615
1.54086 1617
1.54088 1618
1.5409 1619
1.54093 1622
1.54861 1200
1.54866 1238
1.54868 1242
1.54871 1306
1.54875 1388
1.54877 1408
1.54879 1417
1.54881 1418
1.54885 1419
1.54888 1423
1.5489 1432
1.54892 1433
1.54896 1456
1.54898 1463
1.54901 1464
1.54903 1470
1.54905 1476
1.54907 1477
1.5491 1480
1.54915 1494
1.54918 1496
1.5492 1498
1.54922 1502
1.54924 1505
1.54929 1513
1.54931 1522
1.54934 1528
1.54936 1533
1.5494 1535
1.54942 1538
1.54943 1624
1.54946 1625
1.5495 1627
1.54952 1633
1.54955 1636
1.54957 1640
1.54959 1641
1.54962 1643
1.54964 1644
1.54967 1646
1.54969 1648
1.54974 1650
1.54976 1651
1.5498 1652
1.54982 1653
1.54984 1654
1.54986 1655
1.5593 1238
1.55932 1242
1.55935 1317
1.55937 1397
1.5602 1408
1.56022 1409
1.56024 1419
1.56031 1468
1.56034 1476
1.56036 1477
1.56039 1505
1.56041 1508
1.56044 1516
1.56046 1522
1.56048 1528
1.56051 1530
1.56054 1533
1.56056 1538
1.56058 1541
1.5606 1658
1.56063 1659
1.56065 1660
1.5607 1662
1.56072 1663
1.56075 1665
1.56082 1670
1.56085 1671
1.56088 1674
1.5609 1676
1.56092 1679
1.56094 1680
1.56096 1685
1.56098 1687
1.561 1689
1.56102 1692
1.56107 1697
1.56111 1700
1.56113 1701
1.56115 1703
1.56117 1704
1.56121 1705
1.56123 1706
1.56125 1707
1.56128 1708
1.57064 1238
1.57066 1242
1.57069 1408
1.57071 1409
1.57073 1417
1.57076 1419
1.57078 1432
1.57081 1444
1.57083 1465
1.57085 1489
1.57088 1498
1.5709 1508
1.57092 1513
1.57094 1531
1.57168 1533
1.57175 1536
1.57184 1542
1.5719 1544
1.57192 1545
1.57194 1547
1.57196 1709
1.57198 1710
1.57201 1711
1.57203 1712
1.57205 1713
1.57207 1715
1.57209 1716
1.57211 1719
1.57213 1725
1.57216 1730
1.57219 1731
1.57221 1732
1.57223 1733
1.57225 1734
1.57228 1737
1.57231 1738
1.57233 1740
1.57235 1741
1.5724 1744
1.57243 1746
1.5725 1757
1.57252 1759
1.57254 1762
1.57256 1763
1.57338 1766
1.57342 1769
1.57347 1772
1.58152 1384
1.58157 1409
1.58163 1468
1.5817 1490
1.58176 1511
1.58182 1530
1.5819 1531
1.58196 1536
1.58205 1542
1.5821 1543
1.58212 1544
1.58215 1550
1.58217 1774
1.58219 1775
1.58221 1777
1.58224 1779
1.58226 1781
1.58229 1783
1.58231 1784
1.58233 1785
1.58235 1788
1.58238 1789
1.5824 1790
1.58242 1791
1.58245 1793
1.58247 1794
1.58249 1795
1.58251 1797
1.58256 1798
1.58258 1800
1.58263 1804
1.58265 1806
1.58268 1809
1.58279 1812
1.58281 1816
1.58283 1817
1.58285 1818
1.58288 1820
1.58291 1821
1.58293 1822
1.58567 1823
1.58569 1824
1.58571 1826
1.58577 1831
1.58579 1832
1.58584 1833
1.58586 1836
1.58602 1838
1.58608 1839
1.58613 1840
1.58619 1844
1.58628 1849
1.58634 1850
1.5864 1852
1.59289 1378
1.5929 1444
1.59293 1465
1.59295 1489
1.59297 1511
1.59299 1531
1.59301 1543
1.59304 1545
1.59306 1550
1.59374 1553
1.59376 1556
1.59379 1557
1.59381 1563
1.59383 1566
1.59385 1569
1.59387 1572
1.59389 1574
1.59392 1575
1.59394 1855
1.59396 1857
1.59398 1858
1.594 1860
1.59402 1862
1.59405 1865
1.59407 1868
1.59412 1876
1.59414 1878
1.59417 1879
1.59419 1880
1.59421 1881
1.59426 1886
1.59428 1887
1.5943 1890
1.59433 1893
1.59434 1895
1.59437 1896
1.59439 1898
1.59442 1905
1.59444 1906
1.59446 1907
1.59449 1913
1.59451 1916
1.60374 1490
1.60379 1553
1.60384 1556
1.6039 1558
1.60396 1559
1.60402 1562
1.60409 1563
1.60413 1566
1.60419 1569
1.60427 1573
1.60435 1575
1.60443 1921
1.60448 1922
1.60453 1923
1.60458 1924
1.60466 1927
1.60474 1928
1.6048 1930
1.60485 1931
1.6049 1933
1.60495 1937
1.60499 1938
1.60503 1943
1.60508 1946
1.60513 1947
1.60518 1949
1.60522 1953
1.60529 1956
1.60531 1960
1.60533 1962
1.60535 1965
1.60537 1966
1.6054 1967
1.60542 1968
1.60546 1969
1.60583 1972
1.60588 1973
1.60598 1974
1.60606 1975
1.60613 1977
1.60615 1979
1.60623 1982
1.60627 1986
1.60631 1994
1.61485 1378
1.6149 1552
1.61492 1555
1.61494 1557
1.61509 1559
1.61517 1571
1.61521 1572
1.61527 1573
1.61531 1575
1.61537 1577
1.61562 1580
1.61566 1581
1.61571 1584
1.61579 1595
1.61584 1596
1.61591 1598
1.61595 1599
1.61601 1603
1.61603 1609
1.61605 1611
1.61607 1616
1.6161 1620
1.61612 1621
1.61614 1623
1.61618 1628
1.6162 1631
1.61622 1632
1.61624 1634
1.61626 1637
1.61628 1996
1.6163 1998
1.61632 2001
1.61634 2005
1.61636 2007
1.61639 2008
1.61642 2010
1.61645 2013
1.61647 2014
1.61649 2015
1.61655 2017
1.61657 2025
1.61659 2032
1.61661 2034
1.61664 2038
1.61666 2039
1.61668 2041
1.62681 1552
1.62686 1555
1.62695 1568
1.627 1581
1.62705 1583
1.62707 1589
1.62709 1590
1.62711 1595
1.62713 1598
1.62715 1599
1.62717 1603
1.62719 1604
1.62721 1608
1.62724 1609
1.62726 1610
1.62728 1611
1.62731 1620
1.62733 1621
1.62738 1630
1.6274 1631
1.62742 1635
1.62744 1638
1.62789 1642
1.62795 1645
1.62801 1661
1.62803 1666
1.62805 1668
1.62807 1675
1.62811 1686
1.62813 1691
1.62817 1694
1.62819 1695
1.62821 1698
1.62824 1699
1.62825 1702
1.62829 1714
1.62832 1718
1.62838 1724
1.62841 2044
1.62843 2048
1.62845 2051
1.62847 2052
1.62849 2053
1.63707 1555
1.63712 1571
1.63718 1577
1.63724 1580
1.63729 1584
1.63734 1587
1.6374 1589
1.63745 1592
1.6375 1593
1.63757 1599
1.63762 1609
1.63771 1610
1.63776 1611
1.63932 1616
1.63939 1620
1.63941 1621
1.63943 1623
1.63946 1628
1.63948 1629
1.63949 1630
1.63956 1638
1.63958 1639
1.6399 1656
1.64002 1664
1.64008 1669
1.6401 1672
1.64015 1675
1.64017 1677
1.64019 1682
1.64021 1683
1.64024 1684
1.64028 1686
1.64031 1688
1.64033 1690
1.64035 1694
1.64037 1698
1.6404 1702
1.64043 1717
1.64049 1718
1.64095 1720
1.64101 1722
1.64106 1723
1.64108 1728
1.6411 1743
1.64114 1747
1.64116 1752
1.64118 1753
1.6412 1764
1.64123 1767
1.64126 1768
1.64128 1776
1.6413 1778
1.64132 1780
1.64134 1782
1.64137 1787
1.64146 1796
1.64148 1801
1.6415 1802
1.64153 1803
1.64156 1805
1.64158 1807
1.64161 1808
1.64916 1587
1.64925 1588
1.64932 1589
1.64941 1590
1.64947 1610
1.64952 1629
1.64958 1635
1.64962 1638
1.6497 1642
1.64975 1645
1.64981 1649
1.64987 1661
1.64992 1666
1.64997 1672
1.64999 1675
1.65002 1677
1.65006 1681
1.65011 1682
1.65015 1690
1.65017 1691
1.6502 1695
1.65021 1696
1.65024 1702
1.65026 1721
1.65028 1723
1.6503 1726
1.65032 1728
1.65034 1742
1.65036 1743
1.65038 1745
1.6504 1748
1.65042 1749
1.65044 1750
1.65047 1752
1.65049 1753
1.65052 1761
1.65054 1764
1.65057 1768
1.65059 1771
1.65062 1776
1.65064 1778
1.65066 1780
1.65068 1792
1.6507 1799
1.65072 1805
1.65075 1807
1.65077 1808
1.65934 1629
1.66037 1639
1.66039 1647
1.66042 1656
1.6606 1678
1.66062 1681
1.66064 1683
1.66066 1690
1.66068 1696
1.6607 1717
1.66073 1721
1.66076 1723
1.66079 1726
1.66081 1727
1.66083 1728
1.66085 1729
1.66092 1743
1.66094 1748
1.66097 1750
1.66099 1752
1.66101 1755
1.66103 1756
1.66105 1764
1.66107 1767
1.66109 1768
1.66111 1770
1.66113 1771
1.66115 1776
1.66117 1778
1.6612 1782
1.66122 1792
1.66125 1799
1.66127 1807
1.66129 1811
1.66132 1813
1.66134 1814
1.66136 1819
1.66138 1827
1.6614 1828
1.66143 1830
1.66148 1841
1.6615 1842
1.66152 1843
1.66154 1845
1.66156 1847
1.66158 1851
1.6616 1859
1.66162 1864
1.66166 1866
1.66169 1867
1.67066 1602
1.6707 1626
1.67074 1649
1.67081 1667
1.67087 1678
1.67092 1726
1.67103 1729
1.67107 1736
1.67111 1742
1.67113 1750
1.67115 1751
1.6712 1765
1.67122 1771
1.67124 1792
1.67126 1799
1.6716 1811
1.67164 1813
1.67169 1815
1.67174 1825
1.67176 1828
1.67178 1829
1.6718 1830
1.67187 1842
1.67189 1843
1.67192 1846
1.67194 1847
1.67196 1851
1.67198 1856
1.67201 1859
1.67203 1863
1.67205 1864
1.67208 1866
1.6721 1872
1.67213 1875
1.67216 1882
1.67218 1884
1.67221 1888
1.67223 1892
1.67226 1904
1.67228 1908
1.6723 1911
1.67233 1912
1.67236 1914
1.67238 1918
1.67241 1920
1.67243 1926
1.68163 1647
1.68168 1657
1.6817 1667
1.68172 1693
1.68174 1735
1.68176 1739
1.68178 1756
1.68181 1760
1.68183 1765
1.68188 1773
1.68192 1814
1.68194 1819
1.68196 1827
1.68198 1829
1.68202 1834
1.68205 1846
1.68208 1848
1.6821 1851
1.68212 1853
1.68215 1854
1.68218 1859
1.6822 1863
1.68222 1864
1.68224 1869
1.68229 1872
1.68231 1874
1.68233 1882
1.68235 1883
1.68238 1884
1.68241 1885
1.68247 1891
1.68249 1892
1.68251 1897
1.68253 1900
1.68256 1902
1.68258 1903
1.68261 1904
1.68263 1910
1.68268 1915
1.68274 1920
1.68276 1925
1.6828 1926
1.68282 1929
1.68284 1935
1.68286 1936
1.68288 1939
1.68291 1940
1.68294 1941
1.68296 1942
1.68299 1944
1.68302 1950
1.68304 1954
1.68306 1957
1.68308 1958
1.6831 1961
1.68315 1964
1.69263 1602
1.6927 1667
1.69275 1736
1.69368 1758
1.69374 1760
1.69378 1810
1.69382 1835
1.69385 1848
1.69387 1853
1.69389 1854
1.69391 1863
1.69396 1870
1.69398 1871
1.694 1872
1.69405 1884
1.69407 1885
1.69409 1891
1.69411 1894
1.69413 1897
1.69415 1901
1.69418 1902
1.69422 1908
1.69424 1909
1.69426 1911
1.69429 1912
1.69431 1914
1.69433 1915
1.69435 1917
1.69437 1919
1.69439 1920
1.69441 1934
1.69444 1941
1.69447 1942
1.69448 1944
1.69451 1945
1.69455 1951
1.69457 1952
1.69462 1959
1.69464 1961
1.69467 2059
1.6947 2065
1.70377 1693
1.70381 1735
1.70385 1739
1.70389 1754
1.70394 1758
1.70403 1773
1.7041 1786
1.70414 1810
1.70422 1848
1.70427 1854
1.70432 1861
1.70434 1869
1.70436 1873
1.70438 1874
1.70441 1877
1.70443 1883
1.70447 1885
1.70449 1891
1.70451 1894
1.70453 1901
1.70455 1902
1.70459 1925
1.70462 1934
1.70464 1936
1.70466 1939
1.70468 1944
1.7047 1948
1.70472 1951
1.70474 1961
1.70476 1964
1.70479 1970
1.70481 1971
1.70483 2069
1.70485 2071
1.70487 2073
1.70489 2075
1.70492 2077
1.70494 2079
1.70497 2080
1.70499 2082
1.70501 2083
1.70503 2086
1.70506 2087
1.7051 2090
1.70513 2092
1.70515 2096
1.71486 1673
1.71488 1754
1.7149 1810
1.71492 1835
1.71494 1861
1.71497 1871
1.71499 1873
1.71501 1889
1.71504 1901
1.71506 1919
1.71508 1932
1.71513 1945
1.71519 1963
1.71523 1970
1.71525 1971
1.71527 2101
1.71529 2103
1.71531 2105
1.71536 2107
1.71539 2108
1.71542 2111
1.71545 2112
1.71547 2114
1.71549 2115
1.71552 2117
1.71557 2123
1.71559 2124
1.71562 2127
1.71564 2129
1.71566 2130
1.71568 2133
1.7157 2136
1.71573 2137
1.71575 2139
1.71577 2142
1.71579 2148
1.71582 2151
1.71584 2156
1.71586 2157
1.71588 2160
1.7159 2165
1.71593 2166
1.72645 1837
1.7265 1877
1.72654 1932
1.72656 1955
1.72672 1963
1.72674 1970
1.72676 1971
1.72678 2171
1.72693 2174
1.72699 2175
1.72709 2176
1.72711 2178
1.72713 2179
1.72717 2186
1.72719 2187
1.72723 2193
1.72725 2195
1.72727 2197
1.72732 2200
1.72735 2202
1.72737 2203
1.72739 2207
1.72741 2209
1.72743 2210
1.72746 2215
1.72751 2217
1.72755 2218
1.72757 2220
1.72759 2222
1.72761 2224
1.72765 2227
1.72767 2230
1.72769 2233
1.72772 2236
1.72774 2237
1.72776 2238
1.72781 2240
1.72783 2243
1.72786 2244
1.72788 2249
1.7279 2252
1.72792 2253
1.73707 1889
1.73757 1963
1.73763 2256
1.73765 2257
1.73767 2259
1.73769 2265
1.73782 2267
1.73787 2268
1.73793 2269
1.73798 2271
1.73802 2273
1.73809 2275
1.73814 2276
1.73819 2281
1.73821 2282
1.73823 2287
1.73826 2289
1.73829 2290
1.73831 2293
1.73833 2294
1.73836 2296
1.73838 2299
1.73841 2300
1.73844 2302
1.73846 2305
1.73848 2310
1.7385 2312
1.73853 2317
1.73855 2318
1.73857 2319
1.73859 2322
1.73862 2325
1.73864 2326
1.73866 2327
1.73868 2330
1.73871 2331
1.73874 2333
1.73877 2338
1.73879 2341
1.73881 2343
1.73883 2345
1.73886 2346
1.74818 1837
1.7482 1983
1.74822 1984
1.74824 1991
1.74826 1992
1.74828 1995
1.7483 2349
1.74969 2361
1.74974 2362
1.74982 2366
1.7499 2368
1.74994 2373
1.74997 2376
1.74999 2377
1.75008 2381
1.7501 2386
1.75012 2392
1.75014 2393
1.75016 2396
1.75019 2398
1.75022 2403
1.75024 2406
1.75026 2407
1.75029 2408
1.75031 2409
1.75033 2411
1.75036 2412
1.75038 2413
1.7504 2417
1.75042 2419
1.75045 2422
1.7505 2426
1.75052 2427
1.75929 1976
1.75939 1980
1.75942 1984
1.75944 1989
1.75961 1992
1.75963 2430
1.75966 2431
1.75969 2432
1.75972 2433
1.75975 2435
1.75977 2436
1.75979 2437
1.75981 2440
1.75983 2441
1.75985 2443
1.75988 2445
1.75991 2453
1.75995 2459
1.75998 2464
1.76 2465
1.76002 2466
1.76005 2467
1.76007 2476
1.7601 2477
1.76013 2479
1.76015 2480
1.76017 2481
1.76019 2482
1.76021 2483
1.76023 2484
1.76028 2488
1.7603 2492
1.76032 2493
1.76035 2494
1.76037 2495
1.76039 2496
1.76044 2498
1.76046 2500
1.76048 2501
1.7605 2502
1.76055 2506
1.76057 2508
1.77067 1978
1.77075 1980
1.77084 1981
1.77091 1987
1.77098 1988
1.77105 1990
1.7711 1995
1.77114 2009
1.77122 2011
1.77127 2016
1.77132 2018
1.77134 2019
1.77141 2023
1.77143 2026
1.77146 2030
1.77149 2033
1.77151 2037
1.77154 2042
1.77157 2046
1.77159 2047
1.77161 2050
1.77163 2055
1.77165 2057
1.77168 2060
1.7717 2061
1.77172 2063
1.77174 2064
1.77176 2067
1.77178 2068
1.77183 2072
1.77185 2076
1.77187 2515
1.77189 2516
1.77191 2517
1.77194 2518
1.77196 2519
1.77198 2522
1.77206 2529
1.77209 2533
1.77214 2535
1.77216 2539
1.77218 2541
1.78154 1978
1.78159 1980
1.78163 1981
1.78179 1985
1.78183 1987
1.78185 1997
1.78274 2000
1.78278 2002
1.7828 2004
1.78283 2009
1.78305 2019
1.78314 2023
1.78318 2027
1.7832 2029
1.78323 2030
1.78325 2033
1.7833 2040
1.78335 2050
1.78337 2054
1.78339 2055
1.78341 2056
1.78344 2057
1.78346 2058
1.78351 2061
1.78353 2062
1.78355 2063
1.78357 2066
1.78359 2067
1.78362 2068
1.78364 2072
1.78366 2074
1.78368 2078
1.78371 2091
1.78373 2093
1.78375 2097
1.78378 2098
1.7838 2099
1.78382 2100
1.78385 2104
1.78388 2110
1.7839 2113
1.78392 2116
1.78394 2119
1.78396 2120
1.78398 2121
1.78401 2132
1.78404 2134
1.78406 2135
1.78408 2138
1.7841 2145
1.78412 2146
1.78417 2149
1.78419 2153
1.78421 2154
1.78423 2164
1.78425 2167
1.78427 2168
1.78431 2170
1.78433 2173
1.79266 1899
1.79272 1981
1.79276 1985
1.79292 1987
1.79301 1990
1.79306 1999
1.79308 2000
1.79316 2006
1.79321 2009
1.79326 2012
1.79333 2016
1.79337 2018
1.79339 2019
1.79347 2022
1.79349 2030
1.79352 2031
1.79354 2036
1.79357 2040
1.79359 2042
1.79361 2043
1.79363 2045
1.79366 2046
1.79368 2049
1.7937 2056
1.79373 2060
1.79375 2061
1.79378 2062
1.79382 2076
1.79384 2088
1.79388 2095
1.7939 2098
1.79392 2099
1.79394 2100
1.79399 2116
1.79401 2119
1.79403 2122
1.79405 2128
1.79408 2132
1.7941 2135
1.79414 2145
1.79417 2146
1.79419 2147
1.79421 2158
1.79427 2161
1.79431 2167
1.79434 2172
1.79436 2173
1.7944 2182
1.79442 2183
1.79444 2190
1.79447 2191
1.7945 2192
1.79452 2198
1.79454 2199
1.79459 2205
1.79463 2211
1.79465 2212
1.79467 2216
1.79472 2221
1.79474 2225
1.79476 2228
1.79478 2232
1.79481 2234
1.79483 2235
1.79485 2239
1.79487 2245
1.7949 2247
1.79492 2248
1.79494 2250
1.79496 2254
1.79501 2262
1.79504 2266
1.80493 1999
1.80498 2002
1.80503 2003
1.80505 2004
1.80507 2012
1.8051 2021
1.80512 2022
1.80514 2035
1.80516 2040
1.80518 2045
1.8052 2054
1.80523 2062
1.80525 2074
1.80527 2081
1.80529 2085
1.80532 2095
1.80534 2097
1.80536 2098
1.80538 2104
1.8054 2113
1.80542 2118
1.80576 2122
1.80578 2135
1.80582 2143
1.80587 2147
1.80589 2150
1.80591 2152
1.80593 2153
1.80595 2154
1.80597 2155
1.806 2158
1.80602 2159
1.80604 2162
1.80606 2163
1.80608 2164
1.8061 2167
1.80612 2172
1.80614 2181
1.80616 2182
1.80619 2184
1.80621 2189
1.80624 2190
1.80627 2191
1.8063 2192
1.80632 2194
1.80634 2198
1.80636 2205
1.80638 2206
1.8064 2208
1.80642 2211
1.80645 2214
1.80649 2221
1.80652 2225
1.80655 2226
1.80657 2231
1.80659 2235
1.80662 2239
1.80664 2241
1.80667 2242
1.80669 2245
1.80672 2246
1.80674 2247
1.80677 2248
1.80679 2258
1.80684 2263
1.80686 2266
1.80688 2272
1.8069 2280
1.80693 2283
1.80698 2288
1.807 2291
1.80702 2304
1.80705 2307
1.80707 2308
1.80709 2309
1.80711 2311
1.80716 2313
1.80725 2315
1.80956 2316
1.8096 2320
1.80966 2321
1.8097 2328
1.80972 2337
1.80975 2344
1.80977 2347
1.80982 2351
1.80984 2352
1.80986 2353
1.80988 2354
1.8099 2355
1.80992 2360
1.81616 1999
1.81621 2020
1.81625 2022
1.81632 2028
1.81637 2031
1.81639 2036
1.81641 2043
1.81645 2049
1.81647 2070
1.81649 2084
1.81651 2095
1.81654 2126
1.81659 2143
1.81661 2144
1.81665 2150
1.81667 2152
1.81672 2155
1.81675 2158
1.81678 2159
1.8168 2161
1.81682 2162
1.81685 2163
1.81687 2169
1.8169 2172
1.81692 2180
1.81697 2185
1.81699 2188
1.81704 2190
1.81706 2191
1.81708 2196
1.8171 2198
1.81713 2199
1.81717 2211
1.81723 2226
1.81725 2228
1.81727 2229
1.81732 2234
1.81733 2239
1.81736 2241
1.81738 2250
1.81742 2251
1.81745 2255
1.81747 2260
1.81749 2261
1.81752 2262
1.81754 2272
1.81761 2278
1.81767 2286
1.8177 2288
1.81772 2292
1.81774 2295
1.81776 2301
1.81778 2315
1.81782 2321
1.81787 2328
1.8179 2329
1.81793 2340
1.81795 2342
1.81797 2344
1.81802 2350
1.81804 2354
1.81806 2355
1.81808 2358
1.8181 2359
1.81814 2360
1.81816 2364
1.81819 2370
1.81821 2371
1.81823 2374
1.81825 2378
1.81827 2379
1.81829 2380
1.81831 2384
1.81833 2385
1.81835 2387
1.81837 2390
1.81839 2400
1.81841 2405
1.81843 2414
1.81846 2415
1.81848 2420
1.8185 2421
1.81852 2424
1.81855 2425
1.81857 2428
1.81859 2429
1.82596 1993
1.82615 2003
1.82622 2020
1.82628 2028
1.82635 2094
1.82638 2102
1.8264 2106
1.82642 2109
1.82644 2125
1.82649 2141
1.82651 2143
1.82654 2155
1.82656 2177
1.82658 2180
1.8266 2181
1.82664 2208
1.82668 2214
1.8267 2221
1.82672 2223
1.82674 2225
1.82677 2229
1.82679 2232
1.82683 2239
1.82685 2242
1.82688 2245
1.8269 2247
1.82695 2250
1.82699 2254
1.82701 2258
1.82703 2260
1.82706 2261
1.82707 2262
1.8271 2264
1.82712 2266
1.82714 2270
1.82716 2272
1.82721 2280
1.82724 2286
1.82726 2292
1.82728 2297
1.82731 2301
1.82733 2303
1.82735 2306
1.82737 2307
1.82739 2308
1.82742 2311
1.82744 2313
1.82746 2314
1.82748 2315
1.82753 2321
1.82756 2324
1.82758 2328
1.8276 2329
1.82763 2332
1.82764 2334
1.82766 2336
1.82771 2348
1.82775 2352
1.82778 2353
1.8278 2356
1.82782 2357
1.82786 2364
1.82788 2367
1.8279 2369
1.82792 2370
1.82795 2371
1.82797 2374
1.82799 2382
1.82801 2383
1.82806 2388
1.82808 2390
1.8281 2397
1.82814 2410
1.82817 2415
1.82819 2418
1.82822 2423
1.82824 2425
1.82826 2429
1.82828 2434
1.82831 2444
1.82833 2446
1.82835 2448
1.82838 2449
1.8284 2450
1.82842 2455
1.82844 2458
1.82846 2460
1.82848 2461
1.82851 2462
1.82853 2468
1.82855 2470
1.82858 2473
1.83769 1993
1.83774 2020
1.8378 2084
1.83782 2106
1.83784 2131
1.83786 2141
1.83788 2144
1.83792 2169
1.83794 2185
1.83796 2196
1.83798 2201
1.838 2204
1.83802 2213
1.83804 2223
1.83806 2229
1.83808 2261
1.83812 2277
1.83814 2278
1.83816 2279
1.83818 2284
1.8382 2285
1.83823 2286
1.83825 2292
1.8383 2298
1.83832 2301
1.83834 2303
1.83836 2306
1.83839 2315
1.83842 2316
1.83844 2320
1.83846 2321
1.83849 2328
1.83851 2329
1.83853 2332
1.83856 2334
1.83858 2337
1.8386 2340
1.83862 2344
1.83864 2347
1.83869 2348
1.83871 2350
1.83874 2352
1.83876 2354
1.83878 2355
1.8388 2358
1.83882 2360
1.83885 2363
1.83887 2365
1.83889 2367
1.83891 2369
1.83893 2370
1.83896 2372
1.83898 2375
1.83901 2378
1.83903 2382
1.83905 2385
1.83908 2389
1.8391 2394
1.83912 2397
1.83914 2404
1.83916 2410
1.83918 2414
1.8392 2416
1.83922 2421
1.83924 2428
1.83926 2438
1.8393 2446
1.83932 2447
1.83934 2448
1.83936 2450
1.83938 2451
1.83941 2455
1.83942 2456
1.83947 2461
1.84976 2024
1.84982 2089
1.84987 2102
1.84989 2106
1.84991 2109
1.84993 2125
1.84995 2140
1.84997 2141
1.84999 2219
1.85001 2223
1.85003 2264
1.85006 2279
1.85008 2285
1.8501 2297
1.85012 2298
1.85014 2303
1.85016 2324
1.85018 2332
1.8502 2335
1.85022 2336
1.85025 2339
1.85028 2348
1.8503 2356
1.85032 2357
1.85035 2358
1.85037 2363
1.85041 2367
1.85045 2372
1.85047 2374
1.8505 2375
1.85052 2378
1.85054 2379
1.85056 2385
1.85062 2388
1.85067 2391
1.85069 2395
1.85072 2401
1.85074 2404
1.8508 2415
1.85083 2416
1.85085 2418
1.85089 2421
1.85091 2425
1.85093 2428
1.85096 2429
1.85101 2447
1.85103 2451
1.85105 2455
1.85107 2458
1.8511 2462
1.85112 2463
1.85114 2469
1.85117 2473
1.85966 2089
1.85971 2213
1.85976 2274
1.85978 2277
1.85984 2298
1.85986 2323
1.85988 2335
1.85991 2339
1.85993 2363
1.85995 2365
1.85997 2372
1.86 2375
1.86002 2391
1.86004 2394
1.86006 2395
1.86008 2402
1.86011 2416
1.86013 2438
1.86015 2442
1.86017 2447
1.86019 2452
1.86041 2463
1.86043 2469
1.86048 2543
1.8605 2544
1.86056 2551
1.86059 2553
1.86074 2555
1.86076 2557
1.86078 2559
1.86081 2563
1.86083 2569
1.86085 2571
1.86088 2573
1.86112 2575
1.86119 2581
1.86126 2585
1.86128 2589
1.8613 2590
1.86133 2591
1.86135 2592
1.86137 2595
1.86139 2597
1.86142 2598
1.87113 2140
1.87118 2219
1.87122 2335
1.87126 2339
1.87133 2401
1.87135 2439
1.87138 2442
1.87154 2454
1.87159 2457
1.87169 2469
1.87174 2471
1.87179 2601
1.87184 2602
1.87188 2603
1.8719 2604
1.87193 2609
1.87195 2614
1.87197 2617
1.87201 2624
1.87203 2626
1.87205 2627
1.87208 2629
1.8721 2630
1.87213 2631
1.87218 2633
1.8722 2635
1.87222 2636
1.87224 2637
1.87226 2638
1.87228 2639
1.8723 2640
1.87232 2641
1.87235 2642
1.87238 2649
1.87241 2650
1.87243 2652
1.87245 2654
1.87247 2657
1.87249 2658
1.87252 2659
1.87255 2660
1.87257 2662
1.87259 2664
1.87261 2667
1.87263 2668
1.87265 2670
1.87267 2672
1.87269 2676
1.88255 2323
1.8826 2399
1.88265 2402
1.88272 2457
1.88277 2472
1.88282 2678
1.88286 2679
1.88288 2680
1.88291 2681
1.88301 2682
1.88308 2686
1.88312 2688
1.88317 2690
1.88321 2691
1.88323 2695
1.88325 2697
1.88332 2701
1.88334 2703
1.88337 2704
1.88339 2710
1.88342 2711
1.88344 2712
1.88346 2715
1.88348 2717
1.8835 2719
1.88352 2720
1.88355 2721
1.88357 2722
1.88359 2725
1.88361 2726
1.88364 2731
1.88367 2732
1.88369 2733
1.88371 2735
1.88376 2740
1.88379 2744
1.88382 2746
1.88385 2747
1.88387 2748
1.8839 2749
1.88392 2750
1.88394 2754
1.88396 2755
1.88398 2756
1.884 2760
1.88402 2761
1.88404 2763
1.88406 2764
1.88408 2765
1.88411 2766
1.89391 2399
1.89396 2454
1.89398 2457
1.89407 2471
1.89409 2472
1.89411 2767
1.8943 2769
1.89432 2771
1.89434 2772
1.89439 2775
1.89441 2776
1.89443 2777
1.89445 2779
1.89447 2780
1.89452 2783
1.89455 2785
1.89457 2787
1.89459 2788
1.89494 2789
1.895 2791
1.89508 2794
1.89518 2799
1.89524 2800
1.89529 2805
1.89534 2806
1.89536 2807
1.89538 2809
1.8954 2818
1.89542 2819
1.89544 2821
1.89546 2823
1.89548 2824
1.89554 2826
1.89556 2828
1.89558 2829
1.8956 2832
1.89563 2833
1.89565 2835
1.8957 2840
1.89572 2842
1.89575 2844
1.89577 2846
1.89579 2847
1.89581 2853
1.89584 2857
1.89588 2858
1.90374 2399
1.90378 2474
1.9038 2478
1.90383 2861
1.90388 2866
1.90392 2869
1.90395 2871
1.90398 2873
1.904 2875
1.90403 2876
1.90405 2878
1.90408 2880
1.90555 2884
1.90561 2887
1.90566 2889
1.90568 2891
1.9057 2892
1.90573 2893
1.90575 2896
1.90577 2900
1.90579 2903
1.90582 2904
1.90585 2906
1.90589 2908
1.90592 2912
1.90594 2914
1.90596 2915
1.90598 2918
1.906 2920
1.90603 2921
1.90605 2923
1.90607 2924
1.90612 2926
1.90614 2927
1.90616 2935
1.90622 2938
1.90624 2939
1.90626 2946
1.9063 2948
1.90632 2950
1.90636 2953
1.91526 2956
1.91532 2957
1.91536 2960
1.91542 2961
1.9155 2964
1.91555 2972
1.91557 2973
1.91559 2977
1.91561 2979
1.91564 2980
1.91565 2981
1.91568 2983
1.91569 2986
1.91572 2988
1.91574 2989
1.91579 2994
1.91585 3006
1.91587 3007
1.91589 3009
1.91594 3014
1.91596 3020
1.91598 3024
1.916 3027
1.91602 3028
1.91605 3029
1.91607 3030
1.9161 3031
1.91612 3032
1.91614 3034
1.91617 3035
1.91619 3040
1.91621 3051
1.91623 3052
1.92596 2474
1.92598 2475
1.92602 2487
1.92604 2489
1.92606 2490
1.92609 2491
1.92641 2503
1.92646 2507
1.92652 2511
1.92657 2512
1.92665 2521
1.92667 2523
1.92669 2526
1.92672 2530
1.92675 2531
1.92679 2536
1.92683 2547
1.92686 2552
1.92688 2554
1.9269 2561
1.92692 2562
1.92694 2565
1.92696 3055
1.92698 3056
1.927 3057
1.92703 3058
1.92705 3061
1.92709 3064
1.92711 3067
1.92713 3068
1.92716 3070
1.92718 3071
1.92723 3073
1.92725 3075
1.92728 3077
1.92732 3080
1.92734 3086
1.92737 3087
1.92739 3090
1.92746 3094
1.92749 3096
1.92751 3097
1.92754 3098
1.93802 2475
1.93808 2485
1.93812 2487
1.9382 2491
1.93824 2503
1.93829 2505
1.93834 2507
1.93836 2509
1.93843 2511
1.93848 2512
1.93852 2513
1.93856 2520
1.9386 2523
1.93862 2524
1.9387 2525
1.93872 2526
1.93967 2527
1.93971 2531
1.93973 2534
1.93975 2537
1.93979 2538
1.93981 2540
1.93983 2545
1.93985 2546
1.93987 2547
1.93989 2550
1.93994 2556
1.93997 2560
1.93999 2561
1.94001 2562
1.94004 2568
1.94006 2570
1.94008 2572
1.9401 2578
1.94012 2580
1.94015 2583
1.94017 2586
1.94019 2587
1.94021 2599
1.94023 2606
1.94026 2607
1.94028 2608
1.9403 2610
1.94033 2611
1.94035 2613
1.94038 2616
1.9404 2619
1.94043 2623
1.94045 2625
1.94047 2634
1.94049 2643
1.94052 2651
1.94054 2653
1.94056 2655
1.94059 2656
1.94061 2661
1.94996 2489
1.95002 2499
1.95018 2503
1.95025 2504
1.9503 2505
1.9504 2509
1.95045 2511
1.95047 2512
1.9505 2513
1.95055 2520
1.95057 2521
1.95059 2523
1.95064 2525
1.95066 2526
1.95068 2530
1.95071 2534
1.95073 2538
1.95075 2542
1.95078 2548
1.95081 2550
1.95083 2554
1.95085 2556
1.95087 2561
1.95089 2562
1.95091 2567
1.95306 2574
1.9531 2576
1.95315 2577
1.95319 2579
1.9533 2582
1.95334 2583
1.95339 2586
1.95345 2587
1.95347 2600
1.95356 2608
1.95361 2610
1.95368 2612
1.95375 2620
1.95381 2622
1.95386 2632
1.9539 2643
1.95399 2645
1.95401 2648
1.95403 2655
1.95407 2661
1.95409 2669
1.95411 2671
1.95413 2673
1.95415 2674
1.95417 2685
1.95419 2694
1.95422 2696
1.95424 2698
1.95427 2699
1.95431 2702
1.95433 2705
1.95435 2706
1.95438 2708
1.9544 2709
1.95442 2718
1.95444 2723
1.95447 2724
1.95451 2729
1.95454 2730
1.95457 2736
1.9546 2738
1.95462 2751
1.96059 2509
1.96064 2510
1.96066 2520
1.96068 2524
1.96077 2527
1.96079 2528
1.96081 2532
1.96088 2564
1.9609 2566
1.96123 2567
1.96128 2576
1.9613 2577
1.96132 2579
1.96134 2580
1.96136 2583
1.96142 2594
1.96144 2596
1.96149 2605
1.96151 2607
1.96153 2608
1.96155 2611
1.96164 2619
1.96166 2621
1.96198 2622
1.96202 2625
1.96206 2634
1.96209 2643
1.96213 2648
1.96215 2651
1.96217 2653
1.9622 2656
1.96222 2661
1.96224 2665
1.96236 2666
1.96238 2669
1.9624 2673
1.96242 2674
1.96246 2677
1.96248 2685
1.9625 2687
1.96253 2693
1.96255 2694
1.96258 2700
1.96263 2708
1.96265 2714
1.96268 2716
1.9627 2727
1.96272 2737
1.96274 2738
1.96278 2742
1.96281 2743
1.96283 2745
1.96285 2751
1.96289 2757
1.96294 2768
1.96296 2770
1.96298 2773
1.963 2774
1.96302 2782
1.96304 2795
1.96307 2797
1.96309 2801
1.96311 2808
1.96313 2812
1.96316 2813
1.96318 2815
1.9632 2816
1.96322 2817
1.96324 2820
1.96327 2825
1.9633 2830
1.96332 2834
1.96334 2836
1.96336 2838
1.96338 2843
1.9634 2845
1.96343 2849
1.96345 2855
1.96347 2856
1.97041 2499
1.97043 2510
1.97045 2514
1.97049 2566
1.97051 2576
1.97053 2582
1.97056 2584
1.97058 2588
1.9706 2596
1.97062 2600
1.97064 2605
1.97067 2612
1.97074 2622
1.97076 2632
1.97078 2646
1.97083 2665
1.97085 2666
1.97087 2669
1.9709 2675
1.97092 2677
1.97094 2683
1.97096 2687
1.97099 2702
1.97101 2705
1.97104 2706
1.97107 2713
1.97109 2714
1.97112 2716
1.97114 2729
1.97117 2734
1.97119 2736
1.97121 2742
1.97123 2745
1.97126 2752
1.97129 2753
1.97131 2757
1.97133 2758
1.97134 2774
1.97137 2778
1.9714 2781
1.97143 2782
1.97145 2786
1.97147 2792
1.97149 2793
1.97152 2795
1.97161 2811
1.97163 2812
1.97166 2815
1.97168 2816
1.9717 2817
1.97174 2820
1.97176 2825
1.97178 2827
1.9718 2836
1.97182 2837
1.97187 2843
1.9719 2848
1.97192 2849
1.97194 2850
1.97196 2851
1.97198 2852
1.972 2854
1.97203 2856
1.97205 2868
1.97207 2872
1.97209 2874
1.97211 2885
1.97213 2886
1.97215 2888
1.97218 2890
1.97222 2901
1.97224 2902
1.97226 2909
1.97229 2911
1.97231 2913
1.97234 2919
1.97238 2928
1.9724 2930
1.97245 2932
1.97248 2933
1.9725 2934
1.98152 2486
1.98156 2497
1.98186 2588
1.98192 2593
1.98194 2596
1.98197 2605
1.98199 2612
1.98201 2615
1.98205 2632
1.98207 2646
1.98209 2647
1.98212 2663
1.98215 2666
1.98217 2673
1.98219 2674
1.98221 2675
1.98223 2677
1.98228 2687
1.9823 2689
1.98232 2692
1.98234 2693
1.98237 2694
1.9824 2696
1.98241 2699
1.98245 2700
1.98247 2702
1.98249 2705
1.98252 2706
1.98254 2709
1.98256 2713
1.98258 2716
1.98261 2718
1.98263 2727
1.98265 2730
1.98267 2738
1.98271 2743
1.98274 2745
1.98276 2752
1.98279 2753
1.98282 2759
1.98284 2762
1.98286 2770
1.98288 2773
1.9829 2784
1.98294 2786
1.98296 2790
1.98298 2792
1.983 2793
1.98302 2796
1.98305 2798
1.98308 2801
1.98315 2810
1.98318 2812
1.9832 2813
1.98322 2815
1.98324 2822
1.98327 2827
1.98329 2830
1.98331 2837
1.98333 2841
1.98335 2843
1.98337 2848
1.9834 2849
1.98342 2854
1.98344 2855
1.98347 2856
1.98353 2860
1.98355 2862
1.98357 2864
1.98359 2865
1.98361 2868
1.98363 2877
1.98367 2885
1.98369 2886
1.98371 2888
1.98373 2895
1.98375 2897
1.98377 2899
1.98379 2901
1.98382 2902
1.98384 2905
1.98386 2910
1.98388 2919
1.9839 2922
1.98392 2933
1.98395 2937
1.98397 2940
1.98399 2941
1.98404 2944
1.98406 2945
1.98408 2947
1.9841 2949
1.98415 2954
1.98417 2955
1.98419 2958
1.98421 2963
1.98424 2965
1.98426 2967
1.98429 2968
1.98433 2978
1.99263 2497
1.99267 2549
1.99269 2584
1.99271 2618
1.99273 2644
1.99276 2663
1.99277 2665
1.99279 2666
1.99284 2677
1.99286 2689
1.99288 2692
1.9929 2693
1.99292 2714
1.99294 2727
1.99296 2737
1.99298 2739
1.99301 2741
1.99303 2745
1.99308 2758
1.9931 2759
1.99314 2768
1.99317 2774
1.99319 2784
1.99321 2786
1.99323 2792
1.99325 2795
1.99327 2796
1.9933 2798
1.99333 2803
1.99336 2808
1.99338 2814
1.99341 2816
1.99343 2817
1.99345 2820
1.99347 2822
1.99349 2827
1.99351 2845
1.99353 2848
1.99356 2849
1.99361 2851
1.99363 2859
1.99365 2862
1.99368 2864
1.9937 2867
1.99372 2868
1.99374 2870
1.99376 2874
1.99379 2877
1.99381 2879
1.99384 2881
1.99386 2882
1.99389 2898
1.99391 2901
1.99394 2910
1.99396 2911
1.99398 2922
1.99404 2930
1.99406 2932
1.99408 2941
1.99411 2942
1.99414 2945
1.99416 2951
1.99419 2952
1.99422 2954
1.99424 2958
1.99426 2965
1.99428 2966
1.99498 2967
1.995 2970
1.99502 2976
