1.02801 0
1.02801 1
1.02801 5
1.02801 7
1.02802 8
1.02802 9
1.02802 10
1.02802 11
1.02802 13
1.02802 15
1.02803 16
1.02803 17
1.02803 19
1.02803 24
1.02804 28
1.02804 29
1.02805 34
1.02805 36
1.02805 37
1.02805 38
1.02805 39
1.02805 42
1.02806 46
1.02806 48
1.02806 50
1.02807 52
1.02807 56
1.02807 57
1.02807 59
1.02808 60
1.02808 64
1.02808 66
1.02809 69
1.02809 70
1.02809 71
1.02809 72
1.02809 73
1.02809 74
1.02809 75
1.02809 76
1.02809 77
1.0281 80
1.0281 82
1.0281 83
1.0281 85
1.02811 87
1.02811 88
1.02811 89
1.02811 90
1.02811 92
1.02812 96
1.02812 98
1.03912 101
1.03912 102
1.03912 104
1.03913 108
1.03913 111
1.03913 113
1.03914 118
1.03914 119
1.03914 120
1.03914 121
1.03915 124
1.03915 125
1.03915 131
1.03915 132
1.03916 133
1.03916 135
1.03916 136
1.03916 138
1.03917 142
1.03917 144
1.03917 145
1.03917 146
1.03917 150
1.03918 151
1.03918 153
1.03918 155
1.03918 158
1.03918 159
1.03919 160
1.03919 162
1.03919 164
1.03919 165
1.0392 168
1.0392 173
1.0392 176
1.03921 178
1.03921 181
1.03921 182
1.03921 183
1.03922 187
1.03922 189
1.03922 190
1.03922 194
1.03923 195
1.03923 197
1.03923 199
1.05023 204
1.05023 205
1.05024 206
1.05024 209
1.05024 211
1.05024 213
1.05025 215
1.05025 222
1.05026 223
1.05026 224
1.05026 226
1.05026 227
1.05026 228
1.05026 230
1.05027 234
1.05027 235
1.05027 237
1.05028 246
1.05028 248
1.05029 258
1.0503 263
1.0503 266
1.05031 267
1.05031 268
1.05031 269
1.05031 272
1.05032 278
1.05032 279
1.05032 282
1.05033 285
1.05033 286
1.05033 287
1.05033 290
1.05033 293
1.05034 296
1.05034 298
1.05034 299
1.06134 300
1.06135 309
1.06135 311
1.06135 312
1.06136 314
1.06136 315
1.06136 318
1.06136 320
1.06137 323
1.06137 324
1.06137 326
1.06138 335
1.06138 338
1.06139 340
1.06139 341
1.06139 342
1.06139 346
1.06139 347
1.06139 348
1.0614 351
1.0614 353
1.0614 354
1.0614 357
1.06141 362
1.06142 368
1.06142 371
1.06142 373
1.06143 376
1.06143 377
1.06143 378
1.06143 379
1.06143 381
1.06143 383
1.06144 386
1.06144 387
1.06144 388
1.06144 389
1.06144 390
1.06144 392
1.06145 394
1.06145 395
1.07245 403
1.07246 407
1.07246 412
1.07247 413
1.07248 424
1.07248 425
1.07248 426
1.07248 427
1.07249 431
1.07249 432
1.07249 434
1.07249 435
1.07249 436
1.07249 437
1.07249 438
1.0725 441
1.0725 443
1.0725 445
1.0725 447
1.07251 448
1.07251 449
1.07251 450
1.07251 451
1.07251 453
1.07251 455
1.07251 456
1.07252 459
1.07252 462
1.07253 465
1.07253 466
1.07253 468
1.07253 469
1.07253 471
1.07254 475
1.07254 476
1.07254 478
1.07255 483
1.07255 485
1.07255 488
1.07255 489
1.07255 491
1.07256 494
1.07256 497
1.07256 498
1.07256 499
1.08356 501
1.08357 504
1.08357 505
1.08357 506
1.08357 508
1.08357 511
1.08358 512
1.08358 518
1.08359 521
1.08359 523
1.08359 524
1.08359 526
1.08359 527
1.08359 528
1.0836 530
1.0836 533
1.0836 535
1.0836 536
1.08361 539
1.08361 540
1.08361 541
1.08361 542
1.08361 545
1.08362 550
1.08362 551
1.08362 552
1.08362 553
1.08362 554
1.08362 555
1.08363 558
1.08363 559
1.08363 562
1.08363 563
1.08364 567
1.08364 570
1.08364 572
1.08365 573
1.08365 575
1.08365 576
1.08365 578
1.08365 579
1.08366 582
1.08366 583
1.08366 584
1.08366 589
1.08366 590
1.08367 592
1.08367 595
1.08367 596
1.08367 598
1.08367 599
1.09468 4
1.09468 14
1.09468 20
1.09468 22
1.09468 23
1.09469 26
1.09469 31
1.09469 35
1.0947 47
1.0947 53
1.09471 58
1.09471 63
1.09472 86
1.09473 600
1.09473 602
1.09474 609
1.09474 610
1.09474 612
1.09474 613
1.09475 616
1.09475 618
1.09475 620
1.09475 621
1.09476 625
1.09476 627
1.09476 628
1.09476 629
1.09476 632
1.09477 633
1.09477 635
1.09477 637
1.09477 638
1.09477 640
1.09478 644
1.09478 646
1.09478 647
1.09478 649
1.10578 2
1.10579 4
1.10579 12
1.1058 25
1.1058 27
1.1058 30
1.1058 31
1.1058 32
1.1058 33
1.10581 40
1.10581 43
1.10581 44
1.10581 47
1.10581 49
1.10581 51
1.10582 54
1.10582 55
1.10582 61
1.10582 62
1.10582 65
1.10583 68
1.10583 78
1.10583 81
1.10583 84
1.10583 94
1.10584 95
1.10584 97
1.10584 103
1.10584 107
1.10585 115
1.10585 122
1.10585 123
1.10586 127
1.10586 128
1.10586 130
1.10586 137
1.10586 140
1.10587 143
1.10587 147
1.10587 148
1.10587 149
1.10587 154
1.10587 156
1.10588 163
1.10588 169
1.10588 170
1.10588 171
1.10588 172
1.10588 174
1.10589 175
1.10589 177
1.10589 179
1.10589 180
1.10589 188
1.10589 191
1.1059 192
1.1059 196
1.1059 198
1.1169 2
1.1169 3
1.1169 4
1.1169 12
1.1169 18
1.1169 20
1.11691 23
1.11691 26
1.11691 31
1.11692 40
1.11692 41
1.11692 43
1.11692 44
1.11692 49
1.11693 53
1.11693 55
1.11693 58
1.11693 62
1.11693 65
1.11694 67
1.11694 78
1.11694 79
1.11694 86
1.11694 91
1.11695 95
1.11695 99
1.11695 100
1.11695 105
1.11695 107
1.11696 115
1.11697 126
1.11697 127
1.11697 129
1.11697 137
1.11698 143
1.11698 147
1.11698 148
1.11698 149
1.11698 154
1.11699 161
1.11699 163
1.11699 169
1.11699 170
1.11699 171
1.11699 172
1.117 175
1.117 177
1.117 179
1.117 180
1.117 188
1.11701 191
1.11701 200
1.11701 201
1.11702 208
1.11702 212
1.11702 214
1.11702 216
1.11702 218
1.11703 221
1.11703 225
1.11703 231
1.11704 242
1.11704 244
1.11704 245
1.11704 247
1.11705 249
1.11705 254
1.11706 259
1.11706 262
1.11706 265
1.11707 276
1.11707 277
1.11707 280
1.11707 284
1.11708 291
1.11708 295
1.12801 2
1.12801 18
1.12801 21
1.12802 32
1.12802 41
1.12802 43
1.12802 44
1.12803 54
1.12803 55
1.12803 61
1.12803 62
1.12804 78
1.12804 79
1.12804 81
1.12804 84
1.12804 93
1.12804 97
1.12805 99
1.12805 100
1.12805 103
1.12805 105
1.12805 107
1.12806 114
1.12806 116
1.12806 127
1.12806 128
1.12807 137
1.12807 140
1.12808 161
1.12809 166
1.12809 169
1.12809 170
1.12809 177
1.1281 185
1.1281 192
1.12811 198
1.12811 200
1.12811 201
1.12811 202
1.12811 203
1.12811 207
1.12812 219
1.12812 220
1.12812 221
1.12812 225
1.12813 229
1.12813 239
1.12814 241
1.12814 243
1.12814 250
1.12815 254
1.12815 255
1.12815 259
1.12815 261
1.12816 264
1.12816 270
1.12816 273
1.12816 274
1.12816 275
1.12816 276
1.12817 280
1.12817 281
1.12817 291
1.12817 292
1.12818 304
1.12819 306
1.12819 308
1.12819 313
1.1282 325
1.1282 327
1.1282 328
1.1282 329
1.1282 330
1.1282 332
1.1282 333
1.12821 337
1.12821 344
1.12821 345
1.12822 352
1.12822 355
1.12822 358
1.12822 360
1.12822 361
1.12822 363
1.12823 370
1.12823 375
1.12824 380
1.12824 385
1.12824 396
1.13912 3
1.13912 6
1.13913 99
1.13913 106
1.13913 109
1.13914 112
1.13914 114
1.13914 126
1.13914 129
1.13915 141
1.13915 161
1.13916 203
1.13916 208
1.13917 214
1.13917 217
1.13917 218
1.13918 232
1.13918 233
1.13918 241
1.13919 244
1.13919 247
1.13919 249
1.13919 251
1.1392 254
1.1392 255
1.1392 256
1.13921 271
1.13921 273
1.13921 274
1.13921 275
1.13921 276
1.13922 280
1.13922 288
1.13922 289
1.13922 294
1.13923 295
1.13923 303
1.13923 305
1.13923 306
1.13924 308
1.13924 313
1.13924 316
1.13924 321
1.13924 322
1.13925 325
1.13925 327
1.13925 328
1.13925 334
1.13926 336
1.13926 344
1.13926 345
1.13926 350
1.13927 356
1.13927 358
1.13927 361
1.13927 363
1.13928 366
1.13928 367
1.13928 369
1.13928 372
1.13928 374
1.13928 380
1.13928 382
1.13929 385
1.13929 391
1.13929 396
1.13929 397
1.1393 401
1.1393 402
1.1393 404
1.1393 405
1.1393 409
1.13931 415
1.13931 416
1.13931 421
1.13932 422
1.13932 433
1.13932 439
1.13932 440
1.13933 444
1.13933 446
1.13933 458
1.13933 460
1.13933 463
1.13934 472
1.13934 473
1.13934 479
1.13935 480
1.13935 482
1.15023 21
1.15023 45
1.15023 106
1.15024 112
1.15024 114
1.15024 134
1.15025 152
1.15025 167
1.15025 184
1.15025 186
1.15026 203
1.15026 210
1.15026 217
1.15026 220
1.15026 229
1.15026 232
1.15027 238
1.15027 240
1.15027 241
1.15028 255
1.15028 257
1.15028 260
1.15028 261
1.15028 270
1.15028 271
1.15029 275
1.15029 283
1.15029 289
1.15029 292
1.15029 294
1.1503 302
1.1503 305
1.1503 306
1.15031 316
1.15031 317
1.15031 319
1.15032 329
1.15032 330
1.15032 331
1.15032 333
1.15033 343
1.15033 345
1.15033 349
1.15033 350
1.15034 356
1.15034 359
1.15034 361
1.15034 365
1.15035 367
1.15035 369
1.15035 372
1.15035 374
1.15035 375
1.15036 384
1.15036 396
1.15036 399
1.15036 400
1.15037 405
1.15037 409
1.15037 411
1.15038 414
1.15038 416
1.15038 418
1.15038 419
1.15038 420
1.15038 421
1.15038 422
1.15039 429
1.15039 433
1.1504 446
1.1504 458
1.1504 461
1.1504 463
1.15041 464
1.15041 472
1.15041 473
1.15041 477
1.15042 482
1.15042 484
1.15042 490
1.15042 493
1.15042 495
1.15043 500
1.15043 503
1.15043 507
1.15043 510
1.15043 514
1.15044 515
1.15044 516
1.15044 519
1.16134 106
1.16135 117
1.16135 134
1.16135 167
1.16136 193
1.16136 210
1.16136 217
1.16137 240
1.16137 257
1.16138 288
1.16138 294
1.16138 302
1.16138 305
1.16139 316
1.16139 321
1.16139 322
1.16139 334
1.16139 336
1.1614 339
1.1614 349
1.1614 356
1.1614 364
1.16141 369
1.16141 372
1.16141 374
1.16142 397
1.16142 399
1.16142 401
1.16142 402
1.16142 405
1.16143 409
1.16143 410
1.16143 411
1.16143 416
1.16143 418
1.16144 419
1.16144 420
1.16144 422
1.16144 429
1.16145 440
1.16145 444
1.16145 446
1.16145 452
1.16145 454
1.16145 457
1.16145 458
1.16146 464
1.16146 467
1.16146 470
1.16146 472
1.16146 473
1.16147 477
1.16147 479
1.16147 481
1.16147 487
1.16148 492
1.16148 493
1.16148 503
1.16148 507
1.16149 509
1.16149 510
1.16149 515
1.16149 517
1.16149 519
1.16149 520
1.1615 529
1.1615 537
1.1615 538
1.1615 543
1.16151 544
1.16151 546
1.16151 548
1.17245 134
1.17246 139
1.17246 152
1.17246 157
1.17246 184
1.17247 253
1.17248 302
1.17248 317
1.17248 331
1.17248 339
1.17248 343
1.17249 364
1.17249 393
1.17249 398
1.17249 399
1.17249 400
1.1725 406
1.1725 408
1.1725 410
1.1725 414
1.1725 419
1.1725 420
1.17251 423
1.17251 428
1.17251 429
1.17251 430
1.17251 452
1.17251 454
1.17251 457
1.17252 467
1.17252 474
1.17252 481
1.17253 492
1.17253 502
1.17253 503
1.17254 509
1.17254 510
1.17254 516
1.17255 520
1.17255 522
1.17255 529
1.17255 531
1.17255 537
1.17256 543
1.17256 544
1.17256 547
1.17257 561
1.18356 110
1.18356 117
1.18356 139
1.18357 157
1.18357 193
1.18357 236
1.18357 253
1.18358 364
1.18358 393
1.18358 398
1.18358 406
1.18358 408
1.18359 428
1.18359 430
1.18359 442
1.18359 452
1.18359 470
1.1836 481
1.1836 492
1.18361 517
1.18361 522
1.18361 531
1.18361 534
1.18362 544
1.18362 546
1.18362 557
1.18363 566
1.18363 569
1.18364 574
1.18364 652
1.18364 653
1.18364 654
1.18364 656
1.18364 658
1.18365 660
1.18365 662
1.18365 664
1.18365 666
1.18365 667
1.18366 670
1.18366 672
1.18366 673
1.18366 674
1.18366 675
1.18367 678
1.18367 682
1.18367 686
1.19467 110
1.19467 139
1.19468 236
1.19468 252
1.19468 253
1.19468 297
1.19468 307
1.19469 398
1.19469 408
1.1947 474
1.1947 486
1.1947 496
1.1947 522
1.1947 525
1.1947 531
1.1947 532
1.19471 534
1.19471 547
1.19471 556
1.19471 561
1.19471 565
1.19472 568
1.19472 571
1.19473 690
1.19474 697
1.19474 698
1.19474 701
1.19474 704
1.19475 705
1.19475 706
1.19475 709
1.19475 710
1.19475 713
1.19476 715
1.19476 716
1.19476 721
1.19477 723
1.19477 729
1.19478 733
1.19478 735
1.19478 736
1.19478 737
1.19478 738
1.20578 110
1.20579 236
1.20579 297
1.20579 307
1.20579 310
1.20579 417
1.20579 486
1.2058 513
1.2058 534
1.2058 549
1.2058 557
1.20581 560
1.20581 564
1.20581 565
1.20581 566
1.20582 580
1.20582 581
1.20582 588
1.20582 591
1.20582 593
1.20583 603
1.20583 604
1.20583 605
1.20583 606
1.20583 607
1.20583 608
1.20584 742
1.20584 743
1.20584 745
1.20584 746
1.20584 749
1.20584 750
1.20585 753
1.20585 755
1.20585 757
1.20585 758
1.20586 764
1.20586 766
1.20587 768
1.20587 773
1.20588 777
1.20588 778
1.20588 784
1.20588 785
1.20589 786
1.20589 788
1.20589 789
1.2169 297
1.2169 310
1.2169 417
1.2169 496
1.21691 556
1.21691 560
1.21692 571
1.21692 577
1.21692 580
1.21692 585
1.21692 586
1.21693 594
1.21693 605
1.21693 606
1.21694 608
1.21694 611
1.21694 797
1.21694 798
1.21694 799
1.21695 804
1.21695 806
1.21695 807
1.21695 808
1.21696 817
1.21697 822
1.21697 825
1.21698 835
1.21698 836
1.21698 838
1.21699 839
1.21699 841
1.21699 844
1.21699 847
1.217 852
1.217 855
1.22801 301
1.22801 560
1.22801 564
1.22801 577
1.22802 580
1.22802 586
1.22803 594
1.22803 597
1.22803 605
1.22803 606
1.22804 614
1.22804 622
1.22804 624
1.22805 634
1.22805 860
1.22805 863
1.22806 866
1.22806 867
1.22806 868
1.22806 870
1.22807 874
1.22807 875
1.22807 876
1.22807 878
1.22807 879
1.22807 881
1.22808 882
1.22808 886
1.22809 894
1.22809 895
1.2281 900
1.2281 901
1.2281 902
1.2281 904
1.2281 906
1.2281 907
1.22811 911
1.22811 913
1.22811 914
1.22811 916
1.22811 917
1.22812 918
1.22812 919
1.23912 301
1.23912 577
1.23912 586
1.23913 611
1.23913 615
1.23913 622
1.23914 631
1.23914 634
1.23914 924
1.23915 925
1.23915 926
1.23915 927
1.23915 931
1.23916 935
1.23916 936
1.23916 937
1.23916 939
1.23916 940
1.23917 943
1.23917 944
1.23917 946
1.23917 947
1.23917 951
1.23918 952
1.23918 953
1.23918 955
1.23918 956
1.23918 959
1.23918 960
1.23919 961
1.23919 962
1.23919 963
1.23919 968
1.2392 972
1.2392 976
1.2392 977
1.23921 979
1.23921 983
1.23921 985
1.23922 988
1.23922 989
1.23922 991
1.23923 996
1.23923 997
1.23923 1000
1.25023 597
1.25023 614
1.25023 615
1.25024 617
1.25024 624
1.25024 631
1.25025 634
1.25025 636
1.25025 641
1.25025 642
1.25025 643
1.25025 648
1.25026 657
1.25026 659
1.25026 661
1.25026 665
1.25026 668
1.25026 669
1.25027 676
1.25028 1005
1.25029 1009
1.25029 1012
1.2503 1018
1.2503 1019
1.2503 1021
1.2503 1022
1.2503 1024
1.2503 1025
1.25031 1026
1.25031 1034
1.25032 1039
1.25032 1041
1.25032 1042
1.25033 1044
1.25033 1049
1.25033 1051
1.25033 1052
1.25034 1054
1.25034 1056
1.25034 1058
1.26134 617
1.26135 626
1.26135 641
1.26135 642
1.26136 651
1.26136 661
1.26137 671
1.26137 680
1.26138 681
1.26138 684
1.26138 685
1.26138 687
1.26138 1059
1.26138 1060
1.26139 1064
1.26139 1065
1.26139 1067
1.26139 1069
1.26139 1070
1.26139 1071
1.2614 1077
1.26141 1085
1.26141 1086
1.26141 1088
1.26142 1092
1.26142 1093
1.26142 1095
1.26143 1102
1.26143 1104
1.26143 1106
1.26144 1108
1.26144 1109
1.26144 1114
1.26145 1118
1.26145 1120
1.26145 1122
1.27245 587
1.27245 601
1.27245 617
1.27246 626
1.27247 648
1.27247 659
1.27248 665
1.27248 677
1.27248 679
1.27248 680
1.27248 681
1.27249 683
1.27249 685
1.27249 687
1.27249 689
1.27249 691
1.27249 693
1.2725 694
1.2725 703
1.27251 714
1.27252 727
1.27252 728
1.27252 731
1.27252 734
1.27253 741
1.27253 744
1.27254 756
1.27254 1124
1.27254 1130
1.27255 1132
1.27255 1133
1.27255 1134
1.27256 1141
1.27256 1142
1.27256 1146
1.28357 645
1.28357 650
1.28357 663
1.28358 680
1.28358 681
1.28358 683
1.28359 687
1.28359 691
1.28359 692
1.28359 694
1.28359 695
1.2836 699
1.2836 700
1.2836 707
1.2836 708
1.2836 711
1.2836 714
1.28361 720
1.28361 724
1.28361 727
1.28362 730
1.28362 734
1.28362 739
1.28362 744
1.28363 747
1.28363 748
1.28363 752
1.28363 754
1.28364 762
1.28364 767
1.28364 769
1.28364 770
1.28364 771
1.28365 774
1.28365 775
1.28365 779
1.28365 780
1.28365 781
1.28365 782
1.28365 783
1.28365 787
1.28366 792
1.28366 793
1.28366 795
1.28366 801
1.28367 802
1.28367 811
1.28367 813
1.28367 814
1.28368 820
1.28368 821
1.28368 823
1.28369 826
1.28369 829
1.28369 830
1.28369 831
1.28369 834
1.2837 840
1.2837 842
1.2837 843
1.2837 849
1.29468 639
1.29468 677
1.29469 679
1.29469 691
1.2947 695
1.2947 699
1.2947 700
1.2947 707
1.29471 712
1.29471 720
1.29472 728
1.29472 731
1.29472 732
1.29472 734
1.29472 740
1.29473 741
1.29473 744
1.29473 747
1.29473 752
1.29473 754
1.29473 756
1.29473 759
1.29474 760
1.29474 761
1.29474 763
1.29474 765
1.29474 767
1.29474 769
1.29474 770
1.29475 771
1.29475 772
1.29475 775
1.29475 776
1.29475 780
1.29475 781
1.29475 782
1.29476 787
1.29476 790
1.29476 792
1.29476 793
1.29476 794
1.29477 800
1.29477 805
1.29477 812
1.29478 816
1.29478 820
1.29478 823
1.29479 824
1.29479 827
1.29479 828
1.29479 830
1.2948 834
1.2948 837
1.2948 843
1.29481 849
1.29481 856
1.29481 857
1.29482 861
1.29482 864
1.29482 877
1.29483 883
1.29483 884
1.29483 887
1.29483 888
1.29483 889
1.29484 892
1.29484 903
1.29485 920
1.29485 923
1.29486 929
1.29486 930
1.30579 650
1.30579 663
1.3058 695
1.3058 699
1.3058 700
1.30581 722
1.30581 724
1.30581 725
1.30581 726
1.30582 730
1.30582 732
1.30582 739
1.30583 763
1.30583 769
1.30583 770
1.30584 774
1.30584 781
1.30585 783
1.30585 787
1.30585 792
1.30585 794
1.30585 795
1.30586 796
1.30586 805
1.30586 809
1.30586 811
1.30587 812
1.30587 813
1.30587 814
1.30587 815
1.30587 818
1.30587 821
1.30588 827
1.30588 832
1.30589 833
1.30589 834
1.30589 843
1.3059 851
1.3059 858
1.30591 864
1.30592 877
1.30592 883
1.30592 884
1.30592 889
1.30592 890
1.30593 891
1.30593 892
1.30593 893
1.30593 898
1.30593 899
1.30593 903
1.30594 915
1.30594 922
1.30595 928
1.30595 930
1.3169 619
1.3169 623
1.3169 630
1.3169 639
1.3169 696
1.31691 717
1.31691 718
1.31691 726
1.31692 751
1.31692 761
1.31692 763
1.31692 772
1.31692 776
1.31693 796
1.31693 812
1.31694 824
1.31695 848
1.31695 850
1.31695 851
1.31695 854
1.31696 857
1.31696 858
1.31696 859
1.31696 862
1.31696 865
1.31697 873
1.31698 888
1.31698 889
1.31698 893
1.31698 897
1.31699 908
1.31699 912
1.31699 920
1.317 923
1.317 928
1.317 929
1.317 930
1.317 934
1.31701 948
1.31701 950
1.31701 954
1.31702 964
1.31702 965
1.31703 974
1.31703 975
1.31703 978
1.31703 980
1.31703 984
1.31703 986
1.32801 619
1.32801 696
1.32801 702
1.32801 717
1.32802 718
1.32802 719
1.32802 796
1.32803 809
1.32803 815
1.32803 818
1.32803 845
1.32804 846
1.32804 848
1.32804 850
1.32804 853
1.32804 862
1.32805 865
1.32805 871
1.32805 880
1.32805 890
1.32806 899
1.32807 928
1.32808 941
1.32808 942
1.32808 948
1.32808 950
1.32809 964
1.3281 974
1.3281 981
1.3281 984
1.3281 986
1.32811 990
1.32811 992
1.32811 995
1.32811 999
1.32811 1002
1.32812 1004
1.32812 1007
1.32812 1011
1.32813 1016
1.32813 1020
1.32813 1023
1.32813 1028
1.32814 1030
1.33912 619
1.33912 655
1.33913 803
1.33913 810
1.33913 819
1.33914 846
1.33914 854
1.33914 859
1.33914 862
1.33915 871
1.33915 873
1.33915 885
1.33915 897
1.33916 908
1.33916 909
1.33916 912
1.33916 921
1.33916 932
1.33916 933
1.33916 934
1.33917 942
1.33917 945
1.33917 948
1.33917 949
1.33917 954
1.33917 957
1.33917 958
1.33918 964
1.33918 965
1.33918 967
1.33918 970
1.33918 973
1.33918 974
1.33919 975
1.33919 978
1.33919 980
1.33919 981
1.33919 984
1.33919 986
1.33919 987
1.3392 995
1.3392 999
1.3392 1002
1.33921 1011
1.33922 1015
1.33922 1017
1.33922 1027
1.33922 1028
1.33922 1029
1.33923 1032
1.33923 1035
1.33923 1036
1.33923 1040
1.33924 1048
1.35023 702
1.35023 791
1.35023 803
1.35024 810
1.35024 819
1.35024 845
1.35024 853
1.35024 871
1.35025 885
1.35025 896
1.35025 910
1.35025 921
1.35025 932
1.35026 941
1.35026 949
1.35026 958
1.35027 970
1.35027 981
1.35027 990
1.35028 994
1.35028 998
1.35028 1002
1.35028 1003
1.35028 1004
1.35029 1011
1.35029 1016
1.3503 1017
1.3503 1023
1.3503 1027
1.3503 1029
1.35031 1035
1.35031 1036
1.35031 1037
1.35031 1038
1.35031 1040
1.35032 1048
1.35032 1053
1.35032 1055
1.35032 1148
1.35033 1151
1.35033 1155
1.35033 1158
1.35034 1160
1.35034 1162
1.35034 1163
1.36134 655
1.36134 688
1.36134 810
1.36135 869
1.36135 885
1.36135 896
1.36135 910
1.36135 921
1.36136 932
1.36136 938
1.36136 957
1.36137 970
1.36137 987
1.36138 1014
1.36139 1017
1.36139 1032
1.36139 1037
1.3614 1040
1.3614 1043
1.3614 1045
1.36141 1165
1.36141 1169
1.36141 1170
1.36142 1173
1.36142 1177
1.36143 1181
1.36143 1183
1.36143 1184
1.36143 1185
1.36143 1186
1.36143 1187
1.36144 1189
1.36144 1190
1.36144 1193
1.36144 1195
1.36144 1197
1.36145 1198
1.36145 1199
1.36145 1204
1.37246 896
1.37247 1003
1.37247 1006
1.37248 1043
1.37248 1045
1.37248 1047
1.37249 1050
1.37249 1055
1.37249 1057
1.37249 1207
1.3725 1211
1.3725 1212
1.3725 1215
1.3725 1216
1.3725 1217
1.3725 1218
1.37251 1221
1.37251 1222
1.37251 1224
1.37252 1228
1.37252 1229
1.37252 1230
1.37252 1231
1.37252 1232
1.37252 1233
1.37253 1240
1.37253 1241
1.37253 1244
1.37254 1245
1.37254 1246
1.37254 1247
1.37254 1249
1.37254 1250
1.37254 1251
1.37255 1255
1.37255 1256
1.37255 1257
1.37255 1259
1.37255 1262
1.37256 1265
1.37256 1267
1.37256 1268
1.38356 688
1.38357 938
1.38357 966
1.38357 969
1.38357 982
1.38357 1006
1.38358 1010
1.38358 1014
1.38358 1031
1.38358 1043
1.38359 1047
1.38359 1050
1.38359 1273
1.38359 1274
1.3836 1277
1.3836 1278
1.3836 1279
1.3836 1280
1.3836 1281
1.3836 1284
1.38361 1286
1.38361 1289
1.38362 1294
1.38362 1296
1.38362 1298
1.38362 1299
1.38362 1300
1.38362 1302
1.38363 1305
1.38363 1306
1.38363 1307
1.38363 1310
1.38364 1313
1.38364 1319
1.38365 1321
1.38365 1323
1.38365 1328
1.38366 1329
1.38366 1331
1.38366 1333
1.38366 1336
1.38367 1338
1.38367 1339
1.38367 1341
1.38367 1342
1.39467 905
1.39468 982
1.39468 1006
1.39469 1013
1.39469 1046
1.39469 1047
1.39469 1050
1.3947 1349
1.3947 1350
1.3947 1352
1.3947 1353
1.39471 1359
1.39471 1362
1.39471 1363
1.39471 1364
1.39472 1366
1.39472 1367
1.39472 1368
1.39472 1370
1.39472 1371
1.39472 1372
1.39472 1373
1.39472 1374
1.39473 1375
1.39473 1378
1.39473 1379
1.39473 1382
1.39474 1384
1.39474 1389
1.39474 1391
1.39475 1397
1.39475 1398
1.39475 1399
1.39476 1401
1.39476 1404
1.39476 1408
1.39476 1409
1.39477 1410
1.39477 1411
1.39477 1412
1.39477 1416
1.39477 1418
1.39478 1424
1.39478 1425
1.40578 872
1.40579 905
1.40579 966
1.40579 969
1.40579 971
1.40579 993
1.40579 1001
1.40579 1010
1.4058 1013
1.4058 1062
1.40581 1076
1.40581 1079
1.40582 1083
1.40582 1084
1.40582 1087
1.40583 1097
1.40583 1433
1.40584 1434
1.40584 1435
1.40584 1436
1.40584 1437
1.40584 1439
1.40584 1440
1.40585 1444
1.40585 1445
1.40585 1446
1.40585 1450
1.40586 1452
1.40586 1453
1.40586 1455
1.40586 1459
1.40587 1465
1.40587 1467
1.40588 1469
1.40588 1470
1.40588 1472
1.40588 1475
1.40588 1476
1.40589 1480
1.40589 1482
1.40589 1483
1.40589 1484
1.40589 1486
1.4059 1488
1.4169 1008
1.4169 1013
1.41691 1061
1.41691 1062
1.41691 1063
1.41691 1066
1.41691 1068
1.41691 1072
1.41691 1074
1.41692 1075
1.41692 1080
1.41692 1084
1.41693 1091
1.41693 1094
1.41693 1096
1.41693 1097
1.41693 1098
1.41694 1489
1.41694 1490
1.41694 1493
1.41694 1496
1.41695 1499
1.41695 1500
1.41695 1501
1.41695 1502
1.41695 1503
1.41695 1506
1.41696 1507
1.41696 1510
1.41697 1517
1.41697 1519
1.41698 1526
1.41698 1527
1.41698 1528
1.41698 1532
1.41699 1535
1.417 1542
1.417 1544
1.417 1546
1.417 1548
1.41701 1552
1.42801 872
1.42801 971
1.42802 1066
1.42802 1073
1.42802 1074
1.42802 1075
1.42802 1076
1.42803 1079
1.42803 1082
1.42803 1083
1.42803 1084
1.42803 1087
1.42804 1090
1.42804 1094
1.42804 1098
1.42804 1101
1.42805 1105
1.42805 1107
1.42805 1111
1.42805 1116
1.42806 1121
1.42806 1126
1.42806 1128
1.42807 1135
1.42807 1136
1.42807 1137
1.42808 1149
1.42808 1152
1.42808 1153
1.42808 1154
1.42809 1157
1.42809 1164
1.42809 1168
1.42809 1171
1.42809 1172
1.4281 1176
1.4281 1556
1.4281 1557
1.42811 1559
1.42811 1560
1.42811 1562
1.42811 1564
1.42811 1565
1.42812 1568
1.42812 1569
1.43912 1061
1.43912 1063
1.43912 1072
1.43913 1073
1.43913 1074
1.43913 1075
1.43913 1078
1.43913 1082
1.43914 1094
1.43914 1099
1.43914 1100
1.43914 1101
1.43915 1105
1.43915 1115
1.43915 1116
1.43916 1119
1.43916 1123
1.43916 1127
1.43916 1131
1.43917 1135
1.43917 1136
1.43917 1137
1.43917 1140
1.43917 1144
1.43918 1147
1.43918 1150
1.43918 1152
1.43918 1153
1.43918 1156
1.43918 1159
1.43919 1164
1.43919 1166
1.43919 1168
1.43919 1171
1.43919 1172
1.4392 1175
1.4392 1179
1.4392 1182
1.4392 1188
1.4392 1192
1.43921 1200
1.43921 1203
1.43922 1220
1.43922 1225
1.43923 1227
1.43923 1234
1.43923 1239
1.43923 1243
1.43924 1248
1.43924 1261
1.43924 1263
1.45024 1099
1.45024 1101
1.45024 1103
1.45024 1107
1.45025 1117
1.45025 1119
1.45025 1121
1.45025 1123
1.45026 1126
1.45026 1127
1.45026 1128
1.45026 1129
1.45026 1137
1.45027 1138
1.45027 1139
1.45027 1140
1.45027 1149
1.45028 1154
1.45028 1156
1.45028 1157
1.45028 1164
1.45028 1166
1.45029 1167
1.45029 1172
1.45029 1176
1.45029 1179
1.4503 1192
1.4503 1194
1.4503 1200
1.45031 1201
1.45031 1202
1.45031 1203
1.45031 1208
1.45032 1214
1.45032 1219
1.45032 1226
1.45032 1227
1.45032 1234
1.45032 1235
1.45033 1236
1.45033 1238
1.45033 1239
1.45033 1248
1.45033 1252
1.45033 1253
1.45034 1263
1.45035 1271
1.45035 1272
1.45035 1275
1.45035 1283
1.45035 1285
1.45035 1287
1.45036 1288
1.45036 1291
1.45036 1292
1.45036 1293
1.45036 1295
1.45036 1301
1.45037 1308
1.45037 1309
1.45037 1311
1.45037 1316
1.45038 1318
1.45038 1320
1.45038 1322
1.45038 1324
1.45038 1326
1.45038 1332
1.45039 1340
1.45039 1343
1.45039 1344
1.45039 1345
1.45039 1347
1.46134 1081
1.46134 1089
1.46134 1099
1.46135 1112
1.46135 1115
1.46135 1123
1.46136 1125
1.46136 1131
1.46136 1139
1.46136 1140
1.46136 1143
1.46137 1147
1.46137 1156
1.46137 1159
1.46137 1161
1.46137 1167
1.46138 1178
1.46138 1180
1.46138 1182
1.46138 1188
1.46139 1194
1.46139 1201
1.46139 1202
1.46139 1203
1.46139 1205
1.4614 1209
1.4614 1210
1.4614 1226
1.46141 1236
1.46141 1237
1.46141 1242
1.46142 1252
1.46142 1254
1.46142 1258
1.46142 1260
1.46143 1271
1.46143 1275
1.46143 1276
1.46144 1283
1.46144 1285
1.46144 1288
1.46144 1290
1.46144 1291
1.46145 1297
1.46145 1301
1.46145 1304
1.46145 1308
1.46145 1309
1.46145 1311
1.46145 1314
1.46146 1315
1.46146 1317
1.46146 1322
1.46146 1324
1.46147 1334
1.46147 1343
1.46148 1345
1.46148 1346
1.46148 1348
1.46148 1351
1.46148 1355
1.46149 1361
1.46149 1369
1.46149 1376
1.46149 1380
1.4615 1386
1.4615 1388
1.46151 1394
1.46151 1395
1.46151 1400
1.46151 1403
1.46151 1405
1.46152 1407
1.46152 1414
1.46152 1415
1.46152 1419
1.46152 1420
1.46152 1421
1.46152 1422
1.46153 1427
1.46153 1431
1.46153 1438
1.47245 1033
1.47246 1113
1.47246 1117
1.47246 1125
1.47246 1138
1.47246 1139
1.47247 1167
1.47247 1178
1.47247 1180
1.47247 1194
1.47248 1202
1.47248 1205
1.47248 1206
1.47248 1208
1.47248 1209
1.47248 1210
1.47248 1213
1.47249 1219
1.47249 1226
1.47249 1238
1.47249 1242
1.4725 1253
1.4725 1254
1.4725 1264
1.47251 1275
1.47251 1276
1.47251 1283
1.47251 1285
1.47251 1287
1.47251 1288
1.47252 1290
1.47252 1297
1.47252 1303
1.47253 1308
1.47253 1312
1.47253 1315
1.47254 1318
1.47254 1322
1.47254 1325
1.47254 1326
1.47254 1327
1.47254 1330
1.47255 1335
1.47255 1337
1.47255 1345
1.47256 1361
1.47257 1376
1.47257 1381
1.47258 1388
1.47259 1400
1.47259 1402
1.47259 1405
1.47259 1414
1.4726 1420
1.4726 1421
1.4726 1423
1.4726 1427
1.47261 1429
1.47261 1430
1.47261 1431
1.47261 1438
1.48356 1033
1.48356 1081
1.48357 1110
1.48357 1113
1.48357 1125
1.48357 1161
1.48357 1174
1.48358 1196
1.48358 1205
1.48358 1206
1.48358 1210
1.48358 1213
1.48359 1223
1.48359 1237
1.48359 1258
1.48359 1264
1.48359 1266
1.4836 1270
1.4836 1282
1.4836 1290
1.4836 1303
1.4836 1304
1.4836 1314
1.48361 1315
1.48361 1330
1.48362 1357
1.48362 1358
1.48362 1360
1.48363 1365
1.48363 1369
1.48363 1376
1.48363 1381
1.48364 1387
1.48364 1393
1.48364 1394
1.48365 1400
1.48365 1405
1.48365 1413
1.48366 1417
1.48366 1420
1.48366 1423
1.48366 1426
1.48366 1427
1.48367 1430
1.48367 1431
1.48367 1438
1.48367 1441
1.48367 1443
1.48368 1448
1.49467 1110
1.49468 1145
1.49468 1191
1.49469 1312
1.4947 1354
1.4947 1356
1.4947 1358
1.49471 1377
1.49471 1387
1.49471 1396
1.49472 1402
1.49472 1406
1.49472 1413
1.49472 1423
1.49472 1426
1.49473 1441
1.49473 1442
1.49473 1447
1.49473 1449
1.49473 1454
1.49474 1458
1.49474 1463
1.49475 1468
1.49475 1471
1.49475 1473
1.49475 1477
1.49475 1573
1.49476 1574
1.49476 1575
1.49476 1576
1.49476 1577
1.49476 1578
1.49477 1583
1.49477 1584
1.49477 1586
1.49477 1587
1.49478 1592
1.49478 1593
1.49478 1594
1.49478 1595
1.49478 1597
1.50579 1191
1.50579 1196
1.50579 1223
1.50579 1266
1.50579 1282
1.5058 1357
1.5058 1360
1.50581 1387
1.50581 1393
1.50581 1406
1.50581 1417
1.50582 1441
1.50582 1447
1.50583 1451
1.50583 1457
1.50583 1458
1.50583 1460
1.50583 1461
1.50583 1462
1.50584 1464
1.50584 1477
1.50584 1478
1.50585 1487
1.50585 1491
1.50585 1494
1.50586 1603
1.50586 1605
1.50586 1607
1.50586 1609
1.50586 1610
1.50586 1611
1.50587 1612
1.50587 1613
1.50587 1615
1.50587 1618
1.50587 1619
1.50587 1620
1.50588 1621
1.50588 1622
1.50588 1625
1.50589 1630
1.50589 1637
1.5169 1377
1.51691 1432
1.51691 1442
1.51692 1454
1.51692 1458
1.51692 1460
1.51692 1461
1.51692 1462
1.51692 1463
1.51693 1466
1.51693 1473
1.51693 1474
1.51693 1478
1.51693 1479
1.51694 1491
1.51694 1492
1.51694 1494
1.51694 1641
1.51695 1643
1.51695 1646
1.51695 1650
1.51696 1655
1.51696 1656
1.51696 1658
1.51697 1662
1.51697 1663
1.51697 1666
1.51697 1667
1.51698 1671
1.51698 1672
1.51698 1673
1.51698 1674
1.51698 1676
1.51699 1679
1.51699 1680
1.51699 1681
1.51699 1682
1.51699 1685
1.51699 1686
1.517 1688
1.517 1689
1.517 1690
1.517 1692
1.517 1694
1.51701 1696
1.51701 1697
1.51701 1698
1.52801 1269
1.52801 1392
1.52801 1428
1.52802 1460
1.52802 1461
1.52802 1464
1.52802 1474
1.52803 1478
1.52803 1487
1.52803 1491
1.52803 1494
1.52803 1495
1.52804 1699
1.52804 1701
1.52804 1702
1.52804 1703
1.52804 1705
1.52804 1707
1.52805 1708
1.52805 1713
1.52806 1717
1.52806 1719
1.52806 1723
1.52806 1724
1.52807 1731
1.52808 1735
1.52808 1737
1.52808 1738
1.52808 1739
1.52808 1740
1.52809 1743
1.52809 1744
1.52809 1748
1.52809 1749
1.52809 1751
1.5281 1752
1.5281 1754
1.5281 1755
1.5281 1756
1.5281 1759
1.52811 1761
1.52811 1762
1.52811 1765
1.52811 1766
1.52811 1767
1.52811 1769
1.52812 1770
1.52812 1771
1.52812 1772
1.52812 1773
1.53912 1383
1.53912 1385
1.53912 1428
1.53913 1474
1.53914 1776
1.53914 1778
1.53914 1780
1.53915 1790
1.53915 1791
1.53916 1798
1.53916 1800
1.53917 1805
1.53917 1807
1.53917 1808
1.53917 1809
1.53918 1811
1.53918 1813
1.53918 1817
1.53919 1820
1.53919 1823
1.5392 1827
1.5392 1828
1.5392 1830
1.5392 1831
1.5392 1833
1.53921 1839
1.53921 1841
1.53921 1842
1.53922 1845
1.53922 1846
1.53922 1847
1.53922 1850
1.53922 1851
1.53922 1852
1.53922 1853
1.53923 1856
1.55023 1383
1.55023 1385
1.55023 1390
1.55024 1456
1.55024 1495
1.55024 1498
1.55024 1505
1.55025 1508
1.55025 1512
1.55025 1516
1.55026 1520
1.55026 1521
1.55026 1522
1.55026 1529
1.55026 1530
1.55026 1531
1.55027 1534
1.55027 1859
1.55027 1860
1.55028 1866
1.55028 1867
1.55028 1870
1.55028 1871
1.55029 1875
1.55029 1878
1.55029 1880
1.55029 1881
1.55029 1882
1.5503 1885
1.55031 1894
1.55031 1895
1.55031 1898
1.55032 1901
1.55032 1902
1.55032 1903
1.55032 1907
1.55033 1910
1.55033 1913
1.55034 1921
1.55034 1924
1.56134 1383
1.56134 1390
1.56135 1485
1.56135 1498
1.56135 1509
1.56136 1513
1.56136 1515
1.56136 1518
1.56136 1520
1.56136 1521
1.56136 1522
1.56137 1523
1.56137 1524
1.56137 1525
1.56137 1529
1.56137 1530
1.56137 1534
1.56138 1931
1.56138 1932
1.56138 1934
1.56139 1937
1.56139 1939
1.56139 1940
1.5614 1944
1.5614 1945
1.5614 1946
1.5614 1947
1.5614 1948
1.56141 1954
1.56141 1955
1.56141 1959
1.56141 1960
1.56142 1962
1.56142 1963
1.56142 1964
1.56142 1965
1.56142 1968
1.56142 1969
1.56143 1971
1.56143 1973
1.56143 1975
1.56143 1976
1.56143 1977
1.56144 1979
1.56144 1980
1.56144 1982
1.56144 1983
1.56144 1987
1.56145 1989
1.56145 1991
1.56145 1994
1.57245 1481
1.57246 1497
1.57246 1504
1.57246 1505
1.57246 1509
1.57247 1515
1.57247 1523
1.57248 1524
1.57248 1525
1.57248 1531
1.57248 1533
1.57248 1536
1.57248 1537
1.57249 1538
1.57249 1550
1.5725 1551
1.5725 1558
1.5725 1563
1.57251 1579
1.57251 1581
1.57251 1588
1.57252 1589
1.57252 1590
1.57252 1591
1.57252 1599
1.57253 1604
1.57253 1996
1.57253 1999
1.57253 2000
1.57254 2002
1.57254 2003
1.57254 2004
1.57254 2006
1.57255 2010
1.57255 2017
1.57256 2020
1.57256 2021
1.57256 2022
1.57256 2025
1.58356 1481
1.58357 1511
1.58357 1514
1.58357 1515
1.58357 1524
1.58358 1533
1.58359 1555
1.58361 1582
1.58361 1585
1.58361 1596
1.58362 1598
1.58362 1600
1.58362 1606
1.58362 1608
1.58362 1614
1.58363 1617
1.58363 1628
1.58363 1629
1.58364 1631
1.58364 1632
1.58364 1633
1.58364 1634
1.58364 1635
1.58364 1638
1.58364 1640
1.58365 1642
1.58365 1644
1.58365 1648
1.58365 1649
1.58365 1651
1.58365 1653
1.58366 1659
1.58366 1660
1.58366 1661
1.58366 1665
1.58366 1669
1.58367 1670
1.58367 1677
1.58367 1684
1.58367 1691
1.58367 1693
1.58368 1695
1.59467 1481
1.59468 1504
1.59468 1514
1.59468 1533
1.59468 1539
1.59468 1540
1.59469 1550
1.5947 1561
1.5947 1563
1.5947 1571
1.59471 1588
1.59471 1589
1.59472 1591
1.59472 1598
1.59472 1599
1.59472 1600
1.59472 1601
1.59472 1606
1.59473 1614
1.59473 1617
1.59474 1632
1.59474 1633
1.59474 1634
1.59474 1635
1.59475 1649
1.59475 1651
1.59476 1659
1.59476 1664
1.59477 1668
1.59477 1669
1.59477 1670
1.59477 1684
1.59478 1691
1.59478 1700
1.59478 1706
1.59478 1710
1.59478 1711
1.59479 1714
1.59479 1715
1.59479 1721
1.5948 1726
1.5948 1732
1.5948 1733
1.5948 1734
1.59481 1745
1.59481 1746
1.59481 1747
1.59481 1750
1.59481 1757
1.59482 1758
1.59482 1763
1.59482 1777
1.59482 1779
1.59483 1781
1.59483 1782
1.59483 1784
1.60578 1511
1.60579 1539
1.60579 1540
1.60579 1547
1.6058 1554
1.6058 1555
1.6058 1561
1.6058 1570
1.60581 1580
1.60581 1582
1.60581 1585
1.60581 1601
1.60581 1602
1.60582 1614
1.60582 1616
1.60582 1617
1.60582 1623
1.60582 1626
1.60582 1628
1.60583 1629
1.60583 1632
1.60583 1634
1.60584 1649
1.60584 1651
1.60585 1654
1.60585 1657
1.60585 1660
1.60585 1661
1.60585 1664
1.60586 1668
1.60586 1669
1.60586 1675
1.60586 1678
1.60586 1684
1.60587 1693
1.60587 1706
1.60588 1715
1.60588 1716
1.60588 1718
1.60589 1726
1.60589 1727
1.60589 1728
1.60589 1729
1.60589 1730
1.60589 1734
1.60589 1736
1.6059 1741
1.6059 1742
1.6059 1746
1.6059 1758
1.60591 1760
1.60591 1775
1.60592 1782
1.60592 1783
1.60592 1784
1.60592 1785
1.60592 1789
1.60593 1793
1.60593 1795
1.60593 1802
1.60594 1804
1.60594 1806
1.60594 1810
1.60594 1814
1.60594 1815
1.60594 1816
1.60595 1819
1.60595 1826
1.60595 1829
1.60596 1837
1.60596 1840
1.60596 1843
1.60596 1848
1.60597 1854
1.60597 1855
1.60597 1858
1.60597 1862
1.60597 1863
1.60598 1868
1.6169 1541
1.6169 1547
1.6169 1549
1.6169 1553
1.61691 1567
1.61691 1601
1.61692 1624
1.61692 1627
1.61693 1652
1.61693 1657
1.61693 1675
1.61693 1678
1.61693 1683
1.61694 1687
1.61694 1700
1.61694 1704
1.61695 1716
1.61695 1718
1.61695 1720
1.61695 1722
1.61695 1725
1.61695 1726
1.61696 1728
1.61696 1733
1.61697 1745
1.61697 1747
1.61697 1757
1.61698 1763
1.61698 1764
1.61698 1774
1.61698 1781
1.61699 1783
1.61699 1784
1.61699 1785
1.61699 1788
1.61699 1789
1.61699 1792
1.617 1797
1.61701 1806
1.61701 1814
1.61701 1818
1.61701 1821
1.61702 1826
1.61702 1829
1.61702 1835
1.61703 1840
1.61703 1849
1.61704 1863
1.62801 1541
1.62801 1543
1.62801 1545
1.62801 1549
1.62801 1554
1.62801 1566
1.62802 1570
1.62802 1572
1.62802 1602
1.62802 1616
1.62802 1624
1.62803 1626
1.62803 1627
1.62803 1639
1.62803 1645
1.62803 1652
1.62804 1678
1.62804 1716
1.62804 1718
1.62805 1720
1.62805 1722
1.62805 1725
1.62805 1728
1.62805 1729
1.62806 1760
1.62806 1764
1.62806 1783
1.62806 1785
1.62807 1787
1.62807 1788
1.62807 1793
1.62808 1797
1.62808 1799
1.62808 1810
1.62809 1815
1.62809 1816
1.62809 1821
1.6281 1825
1.6281 1835
1.6281 1836
1.6281 1837
1.62811 1843
1.62811 1857
1.62811 1858
1.62812 1862
1.62812 1873
1.62813 1884
1.62814 1891
1.62814 1892
1.62814 1893
1.62814 1897
1.62814 1899
1.63912 1543
1.63912 1549
1.63912 1566
1.63913 1624
1.63913 1645
1.63914 1704
1.63914 1720
1.63914 1722
1.63914 1753
1.63915 1786
1.63915 1788
1.63915 1792
1.63915 1796
1.63916 1799
1.63916 1801
1.63916 1803
1.63916 1818
1.63917 1825
1.63917 1836
1.63917 1844
1.63917 1857
1.63918 1861
1.63918 1864
1.63918 1869
1.63919 1884
1.63919 1887
1.6392 1891
1.6392 1899
1.6392 1900
1.63921 1906
1.63921 1912
1.63921 1914
1.63921 1915
1.63921 1916
1.63922 1923
1.63922 1925
1.63922 1926
1.63923 1929
1.63923 1933
1.63923 1935
1.63923 1938
1.63923 1941
1.65023 1543
1.65023 1545
1.65024 1645
1.65024 1709
1.65024 1753
1.65025 1794
1.65025 1799
1.65025 1801
1.65025 1803
1.65025 1822
1.65025 1825
1.65026 1832
1.65026 1834
1.65026 1836
1.65026 1857
1.65027 1872
1.65027 1873
1.65027 1877
1.65027 1879
1.65027 1883
1.65028 1886
1.65028 1887
1.65028 1890
1.65028 1893
1.65028 1896
1.65029 1899
1.65029 1909
1.6503 1912
1.6503 1914
1.6503 1918
1.6503 1919
1.65031 1925
1.65031 1928
1.65031 1930
1.65032 1935
1.65032 1941
1.65032 1942
1.65032 1943
1.65032 1949
1.65032 1951
1.65033 2029
1.65034 2032
1.65034 2034
1.66134 1712
1.66134 1753
1.66135 1812
1.66135 1822
1.66136 1832
1.66136 1838
1.66136 1861
1.66136 1864
1.66136 1865
1.66137 1872
1.66137 1886
1.66137 1887
1.66137 1888
1.66138 1890
1.66138 1896
1.66138 1900
1.6614 1922
1.6614 1925
1.6614 1927
1.6614 1928
1.6614 1929
1.6614 1930
1.6614 1933
1.66141 1943
1.66141 1950
1.66142 1952
1.66142 1956
1.66142 2036
1.66143 2038
1.66143 2039
1.66143 2041
1.66143 2042
1.66144 2051
1.66144 2052
1.66145 2057
1.66145 2058
1.66145 2061
1.66145 2062
1.67245 1712
1.67246 1812
1.67246 1838
1.67246 1865
1.67247 1876
1.67247 1877
1.67248 1896
1.67248 1908
1.67248 1911
1.67249 1919
1.67249 1928
1.67249 1936
1.6725 1943
1.6725 1949
1.6725 1950
1.6725 1956
1.6725 1958
1.67251 2066
1.67251 2067
1.67251 2068
1.67251 2070
1.67252 2074
1.67253 2079
1.67253 2082
1.67253 2084
1.67254 2089
1.67254 2092
1.67254 2093
1.67254 2095
1.67254 2096
1.67255 2102
1.67255 2104
1.67256 2108
1.67256 2110
1.68356 1636
1.68356 1712
1.68357 1812
1.68357 1824
1.68357 1876
1.68357 1889
1.68358 1905
1.68358 1908
1.68358 1922
1.68358 1927
1.68359 1952
1.68359 1956
1.68359 1958
1.68359 2114
1.6836 2116
1.6836 2120
1.6836 2122
1.6836 2123
1.68361 2125
1.68361 2127
1.68361 2131
1.68361 2132
1.68362 2133
1.68362 2135
1.68362 2136
1.68362 2137
1.68362 2140
1.68363 2143
1.68363 2144
1.68363 2147
1.68363 2148
1.68363 2149
1.68364 2151
1.68364 2153
1.68364 2154
1.68364 2155
1.68365 2160
1.68365 2163
1.68365 2164
1.68365 2166
1.68366 2170
1.68366 2172
1.68367 2177
1.68367 2180
1.68367 2181
1.68367 2184
1.69467 1647
1.69468 1768
1.69468 1876
1.69468 1904
1.69469 1958
1.69469 1961
1.69469 1966
1.6947 1972
1.6947 1978
1.6947 1981
1.69471 2190
1.69471 2196
1.69472 2198
1.69472 2201
1.69472 2203
1.69472 2204
1.69472 2205
1.69472 2206
1.69473 2208
1.69473 2209
1.69473 2210
1.69474 2216
1.69474 2220
1.69474 2222
1.69474 2223
1.69475 2229
1.69475 2231
1.69475 2232
1.69477 2246
1.69477 2248
1.69477 2250
1.69478 2251
1.69478 2254
1.69478 2255
1.69478 2258
1.69479 2260
1.70579 1768
1.70579 1889
1.70579 1905
1.7058 1953
1.7058 1957
1.7058 1966
1.7058 1970
1.7058 1972
1.70581 1978
1.70581 2261
1.70581 2263
1.70581 2266
1.70582 2271
1.70582 2273
1.70582 2274
1.70582 2276
1.70583 2279
1.70583 2280
1.70583 2281
1.70583 2284
1.70583 2285
1.70584 2288
1.70584 2293
1.70585 2298
1.70585 2300
1.70585 2301
1.70585 2302
1.70586 2304
1.70586 2308
1.70586 2310
1.70587 2313
1.70588 2321
1.70588 2323
1.70588 2324
1.70588 2325
1.70588 2328
1.70588 2329
1.70589 2331
1.70589 2335
1.70589 2336
1.70589 2337
1.70589 2338
1.7059 2339
1.7169 1768
1.7169 1904
1.7169 1920
1.7169 1953
1.7169 1957
1.7169 1961
1.71691 1966
1.71691 1967
1.71691 2341
1.71692 2344
1.71692 2347
1.71692 2348
1.71693 2352
1.71693 2354
1.71693 2358
1.71694 2361
1.71694 2365
1.71695 2371
1.71695 2372
1.71695 2374
1.71695 2376
1.71696 2378
1.71696 2380
1.71696 2381
1.71696 2382
1.71696 2383
1.71696 2385
1.71697 2388
1.71697 2392
1.71697 2394
1.71698 2397
1.71698 2401
1.71698 2403
1.71699 2407
1.71699 2408
1.717 2414
1.717 2416
1.717 2418
1.717 2419
1.71701 2423
1.72801 1967
1.72802 1988
1.72802 1995
1.72803 1998
1.72803 2008
1.72803 2012
1.72804 2016
1.72804 2019
1.72804 2023
1.72805 2428
1.72805 2429
1.72805 2430
1.72805 2433
1.72806 2436
1.72806 2437
1.72806 2441
1.72806 2442
1.72807 2444
1.72807 2445
1.72807 2446
1.72807 2450
1.72807 2451
1.72808 2452
1.72808 2453
1.72808 2456
1.72808 2457
1.72809 2461
1.72809 2463
1.72809 2464
1.72809 2467
1.72809 2468
1.7281 2470
1.7281 2472
1.7281 2473
1.7281 2475
1.72811 2483
1.72811 2485
1.72812 2488
1.72812 2489
1.72812 2490
1.73912 1917
1.73912 1920
1.73913 1986
1.73913 1990
1.73913 1992
1.73913 1998
1.73914 2008
1.73914 2013
1.73914 2014
1.73915 2016
1.73915 2026
1.73915 2492
1.73916 2496
1.73916 2497
1.73916 2499
1.73917 2502
1.73917 2505
1.73917 2507
1.73917 2508
1.73917 2510
1.73919 2521
1.73919 2524
1.73919 2525
1.73919 2526
1.73919 2527
1.7392 2529
1.7392 2530
1.7392 2533
1.73921 2539
1.73921 2540
1.73921 2542
1.73921 2544
1.73921 2545
1.73922 2548
1.73922 2549
1.73922 2553
1.73923 2555
1.73923 2557
1.75023 1984
1.75024 1988
1.75024 1992
1.75024 1995
1.75024 1997
1.75024 1998
1.75025 2009
1.75025 2011
1.75025 2013
1.75026 2016
1.75026 2019
1.75026 2024
1.75026 2028
1.75027 2031
1.75027 2045
1.75027 2046
1.75028 2050
1.75028 2053
1.75028 2054
1.75028 2055
1.75028 2059
1.75029 2060
1.75029 2064
1.75029 2065
1.75029 2071
1.75029 2073
1.75029 2075
1.7503 2085
1.7503 2086
1.75031 2090
1.75031 2097
1.75031 2098
1.75031 2099
1.75031 2100
1.75032 2103
1.75032 2560
1.75032 2561
1.75033 2566
1.75033 2568
1.75033 2569
1.75033 2572
1.75034 2573
1.75034 2574
1.75034 2576
1.75034 2577
1.75034 2578
1.76134 1917
1.76134 1974
1.76134 1985
1.76135 1986
1.76135 1990
1.76135 1993
1.76135 2009
1.76136 2011
1.76136 2013
1.76136 2018
1.76136 2027
1.76137 2033
1.76137 2040
1.76137 2043
1.76138 2045
1.76138 2046
1.76138 2050
1.76139 2063
1.76139 2064
1.76139 2065
1.76139 2069
1.76139 2072
1.7614 2073
1.7614 2077
1.7614 2081
1.7614 2083
1.7614 2085
1.76141 2087
1.76141 2088
1.76141 2097
1.76142 2099
1.76142 2100
1.76142 2101
1.76142 2103
1.76142 2106
1.76142 2109
1.76142 2111
1.76143 2113
1.76143 2115
1.76143 2118
1.76143 2126
1.76144 2128
1.76144 2141
1.76144 2145
1.76145 2146
1.76145 2150
1.76145 2156
1.76145 2161
1.76145 2162
1.76146 2165
1.76146 2168
1.76146 2171
1.76147 2176
1.76147 2185
1.76147 2186
1.76148 2191
1.76148 2194
1.76148 2199
1.77245 1874
1.77245 1974
1.77245 1984
1.77246 1993
1.77246 1997
1.77246 2007
1.77246 2009
1.77247 2028
1.77247 2030
1.77247 2031
1.77247 2035
1.77248 2040
1.77248 2043
1.77248 2045
1.77248 2046
1.77248 2049
1.77249 2053
1.77249 2059
1.7725 2069
1.7725 2071
1.7725 2072
1.7725 2073
1.7725 2075
1.7725 2076
1.7725 2078
1.77251 2081
1.77251 2083
1.77251 2086
1.77251 2088
1.77252 2097
1.77252 2098
1.77252 2099
1.77252 2101
1.77253 2109
1.77253 2111
1.77253 2113
1.77253 2117
1.77253 2119
1.77254 2124
1.77254 2126
1.77254 2138
1.77255 2146
1.77255 2152
1.77255 2156
1.77256 2159
1.77256 2161
1.77256 2162
1.77256 2167
1.77256 2171
1.77256 2173
1.77257 2176
1.77257 2178
1.77257 2179
1.77257 2185
1.77258 2187
1.77258 2188
1.77258 2189
1.77258 2191
1.77258 2193
1.77258 2194
1.77259 2199
1.77259 2211
1.77259 2212
1.77259 2213
1.7726 2215
1.7726 2217
1.7726 2221
1.7726 2224
1.77261 2234
1.77261 2235
1.77261 2236
1.77262 2241
1.77262 2243
1.77263 2256
1.77263 2259
1.77263 2262
1.77264 2268
1.77264 2269
1.77264 2270
1.77264 2272
1.77264 2277
1.77264 2278
1.77265 2290
1.78356 1874
1.78356 1985
1.78357 1993
1.78357 2030
1.78358 2040
1.78358 2048
1.78358 2049
1.78359 2056
1.78359 2063
1.78359 2069
1.78359 2076
1.78359 2077
1.78359 2078
1.78359 2080
1.78359 2081
1.7836 2083
1.7836 2087
1.7836 2094
1.7836 2101
1.7836 2105
1.7836 2106
1.78361 2109
1.78361 2111
1.78361 2117
1.78362 2129
1.78362 2130
1.78362 2138
1.78362 2139
1.78362 2141
1.78363 2142
1.78363 2150
1.78363 2152
1.78363 2156
1.78363 2157
1.78363 2158
1.78364 2161
1.78364 2162
1.78364 2167
1.78364 2168
1.78364 2169
1.78365 2175
1.78365 2178
1.78365 2185
1.78366 2187
1.78366 2192
1.78366 2193
1.78366 2194
1.78367 2202
1.78367 2207
1.78367 2211
1.78368 2221
1.78368 2225
1.78368 2226
1.78368 2227
1.78369 2230
1.78369 2233
1.78369 2235
1.78369 2237
1.7837 2241
1.7837 2243
1.7837 2244
1.7837 2245
1.7837 2247
1.7837 2252
1.78371 2253
1.78371 2257
1.78371 2267
1.78371 2268
1.78372 2269
1.78372 2270
1.78372 2272
1.78372 2275
1.78372 2277
1.78372 2278
1.78373 2287
1.78373 2290
1.78373 2292
1.78373 2294
1.78373 2295
1.78373 2296
1.78374 2299
1.78374 2307
1.78374 2309
1.78375 2314
1.78375 2316
1.78375 2317
1.78375 2318
1.78375 2326
1.78376 2327
1.78376 2330
1.78376 2333
1.78377 2355
1.78377 2356
1.78377 2357
1.78378 2360
1.78378 2370
1.78379 2377
1.79467 1874
1.79468 2015
1.79468 2030
1.79468 2035
1.79468 2047
1.79469 2078
1.79469 2080
1.79469 2091
1.7947 2107
1.7947 2119
1.7947 2121
1.7947 2124
1.7947 2129
1.7947 2130
1.79471 2139
1.79471 2142
1.79471 2157
1.79471 2159
1.79472 2175
1.79472 2183
1.79472 2188
1.79473 2192
1.79473 2207
1.79474 2212
1.79474 2213
1.79474 2214
1.79474 2217
1.79474 2219
1.79475 2224
1.79475 2226
1.79475 2227
1.79475 2233
1.79475 2234
1.79475 2235
1.79476 2237
1.79476 2238
1.79476 2240
1.79476 2242
1.79476 2244
1.79477 2245
1.79477 2249
1.79477 2259
1.79477 2262
1.79478 2277
1.79479 2283
1.79479 2286
1.79479 2290
1.7948 2292
1.7948 2294
1.7948 2305
1.79481 2307
1.79481 2315
1.79481 2317
1.79481 2318
1.79482 2327
1.79482 2330
1.79483 2345
1.79483 2346
1.79483 2349
1.79484 2356
1.79484 2357
1.79484 2363
1.79484 2364
1.79485 2367
1.79485 2369
1.79485 2373
1.79485 2377
1.79486 2384
1.79486 2386
1.79486 2389
1.79486 2390
1.79486 2391
1.79486 2393
1.79486 2395
1.79487 2398
1.79487 2402
1.79487 2405
1.79487 2406
1.79487 2410
1.79488 2413
1.79488 2417
1.79488 2422
1.79489 2431
1.79489 2432
1.79489 2435
1.79489 2438
1.79489 2439
1.7949 2440
1.80579 2005
1.80579 2015
1.80579 2037
1.80579 2047
1.80579 2048
1.80579 2080
1.8058 2134
1.80581 2139
1.80581 2142
1.80581 2157
1.80581 2158
1.80581 2174
1.80582 2192
1.80582 2195
1.80582 2214
1.80582 2219
1.80583 2225
1.80583 2226
1.80583 2227
1.80583 2230
1.80583 2238
1.80583 2239
1.80584 2242
1.80584 2244
1.80584 2245
1.80584 2247
1.80584 2249
1.80584 2252
1.80585 2265
1.80585 2282
1.80585 2283
1.80586 2289
1.80586 2292
1.80586 2295
1.80586 2297
1.80586 2299
1.80586 2303
1.80587 2306
1.80587 2311
1.80587 2314
1.80588 2330
1.80589 2334
1.80589 2340
1.80589 2343
1.80589 2350
1.8059 2355
1.8059 2356
1.8059 2360
1.8059 2362
1.80591 2367
1.80591 2373
1.80592 2379
1.80592 2386
1.80592 2387
1.80592 2389
1.80592 2391
1.80592 2393
1.80593 2398
1.80593 2399
1.80593 2400
1.80594 2409
1.80594 2413
1.80594 2415
1.80594 2420
1.80594 2421
1.80595 2422
1.80595 2424
1.80595 2426
1.80595 2431
1.80595 2432
1.80595 2434
1.80596 2438
1.80596 2440
1.80596 2448
1.80596 2454
1.80597 2455
1.80597 2462
1.80597 2465
1.80598 2476
1.80598 2478
1.80598 2482
1.8169 2015
1.8169 2037
1.8169 2047
1.8169 2091
1.81691 2195
1.81691 2197
1.81692 2219
1.81692 2242
1.81693 2264
1.81693 2265
1.81693 2286
1.81693 2289
1.81693 2303
1.81694 2311
1.81694 2312
1.81694 2315
1.81695 2340
1.81695 2343
1.81695 2349
1.81695 2351
1.81696 2362
1.81696 2363
1.81696 2364
1.81696 2366
1.81696 2367
1.81697 2369
1.81697 2375
1.81697 2387
1.81697 2389
1.81698 2393
1.81698 2396
1.81699 2406
1.81699 2409
1.81699 2410
1.81699 2412
1.81699 2417
1.817 2425
1.817 2426
1.81701 2434
1.81701 2438
1.81701 2439
1.81701 2440
1.81701 2447
1.81701 2449
1.81702 2455
1.81702 2459
1.81702 2460
1.81702 2465
1.81702 2466
1.81703 2471
1.81703 2478
1.81703 2481
1.81704 2482
1.81704 2484
1.81704 2486
1.81704 2495
1.82801 2001
1.82801 2005
1.82801 2037
1.82802 2197
1.82802 2200
1.82802 2264
1.82802 2265
1.82803 2297
1.82803 2311
1.82803 2312
1.82804 2320
1.82804 2322
1.82804 2340
1.82804 2342
1.82804 2351
1.82805 2353
1.82805 2362
1.82805 2366
1.82805 2379
1.82805 2387
1.82806 2400
1.82806 2404
1.82806 2411
1.82806 2412
1.82806 2415
1.82806 2421
1.82807 2425
1.82807 2434
1.82807 2447
1.82807 2449
1.82809 2476
1.82809 2478
1.82809 2480
1.82809 2481
1.8281 2486
1.8281 2491
1.8281 2494
1.82811 2501
1.82811 2503
1.82811 2579
1.82812 2583
1.82812 2585
1.83912 2112
1.83912 2200
1.83913 2291
1.83913 2320
1.83914 2351
1.83914 2359
1.83914 2368
1.83914 2375
1.83914 2396
1.83915 2411
1.83915 2412
1.83915 2427
1.83915 2443
1.83915 2447
1.83915 2458
1.83916 2460
1.83916 2466
1.83916 2477
1.83916 2479
1.83916 2480
1.83916 2481
1.83917 2495
1.83917 2500
1.83918 2504
1.83918 2511
1.83918 2512
1.83918 2513
1.83919 2515
1.83919 2518
1.83919 2587
1.83919 2590
1.8392 2591
1.8392 2592
1.8392 2597
1.8392 2598
1.83921 2602
1.83921 2604
1.83922 2610
1.83922 2611
1.83922 2615
1.83923 2619
1.83923 2620
1.85023 2001
1.85023 2044
1.85023 2112
1.85023 2200
1.85023 2218
1.85024 2291
1.85025 2359
1.85025 2404
1.85025 2427
1.85025 2469
1.85026 2487
1.85026 2500
1.85027 2504
1.85027 2506
1.85027 2511
1.85028 2516
1.85028 2517
1.85028 2518
1.85028 2520
1.85028 2522
1.85028 2523
1.85029 2531
1.85029 2534
1.85029 2536
1.85029 2537
1.85029 2625
1.8503 2627
1.8503 2628
1.8503 2630
1.8503 2632
1.85031 2634
1.85031 2636
1.85031 2638
1.85031 2640
1.85032 2645
1.85032 2646
1.85032 2648
1.85032 2651
1.85033 2653
1.85033 2654
1.85033 2657
1.85034 2664
1.86134 2112
1.86135 2368
1.86135 2427
1.86135 2458
1.86136 2474
1.86136 2487
1.86137 2506
1.86137 2513
1.86137 2515
1.86137 2516
1.86137 2517
1.86138 2519
1.86138 2523
1.86138 2528
1.86138 2534
1.86139 2535
1.86139 2537
1.86139 2668
1.8614 2676
1.8614 2679
1.8614 2681
1.86141 2682
1.86141 2688
1.86142 2692
1.86142 2693
1.86142 2694
1.86142 2695
1.86143 2699
1.86143 2702
1.86143 2704
1.86143 2706
1.86144 2708
1.86144 2710
1.86144 2711
1.86144 2714
1.86144 2715
1.86145 2718
1.86145 2720
1.86145 2721
1.86145 2722
1.87245 2044
1.87245 2182
1.87245 2218
1.87246 2332
1.87246 2498
1.87247 2514
1.87247 2516
1.87248 2538
1.87248 2541
1.87249 2726
1.87249 2729
1.87249 2731
1.87249 2732
1.8725 2737
1.8725 2738
1.8725 2740
1.8725 2741
1.8725 2742
1.87251 2745
1.87251 2746
1.87251 2747
1.87251 2751
1.87252 2752
1.87252 2758
1.87252 2759
1.87253 2763
1.87253 2766
1.87254 2769
1.87254 2770
1.87254 2773
1.87255 2780
1.87255 2782
1.87255 2784
1.87256 2788
1.87256 2791
1.87256 2792
1.87256 2793
1.88356 2182
1.88357 2332
1.88357 2493
1.88357 2509
1.88357 2528
1.88358 2535
1.88358 2538
1.88358 2795
1.88358 2797
1.88358 2798
1.88358 2799
1.88359 2804
1.88359 2805
1.8836 2810
1.8836 2811
1.8836 2812
1.8836 2813
1.8836 2816
1.8836 2817
1.88361 2819
1.88361 2823
1.88361 2826
1.88362 2827
1.88362 2828
1.88362 2830
1.88363 2838
1.88363 2841
1.88363 2842
1.88364 2844
1.88364 2846
1.88364 2848
1.88365 2860
1.88366 2863
1.88366 2865
1.88366 2868
1.88366 2870
1.88367 2873
1.88367 2875
1.88367 2876
1.88367 2879
1.89467 2228
1.89468 2493
1.89468 2498
1.89468 2514
1.89468 2538
1.89468 2541
1.89469 2543
1.89469 2546
1.89469 2551
1.8947 2558
1.8947 2559
1.8947 2570
1.8947 2571
1.89471 2580
1.89471 2584
1.89471 2586
1.89472 2884
1.89472 2885
1.89472 2888
1.89472 2889
1.89473 2896
1.89474 2900
1.89474 2907
1.89475 2909
1.89475 2915
1.89476 2918
1.89476 2919
1.89476 2920
1.89476 2921
1.89477 2926
1.89477 2927
1.89477 2928
1.89477 2929
1.89477 2933
1.89477 2934
1.89478 2938
1.89478 2939
1.89478 2941
1.89479 2944
1.90579 2509
1.90579 2546
1.90579 2550
1.9058 2554
1.9058 2556
1.9058 2563
1.9058 2564
1.90581 2565
1.90581 2567
1.90581 2570
1.90581 2571
1.90581 2575
1.90581 2584
1.90582 2586
1.90582 2588
1.90582 2947
1.90582 2949
1.90582 2950
1.90582 2951
1.90583 2952
1.90583 2953
1.90583 2955
1.90583 2956
1.90583 2958
1.90583 2959
1.90584 2961
1.90584 2962
1.90584 2963
1.90584 2964
1.90584 2966
1.90584 2968
1.90585 2972
1.90585 2975
1.90586 2980
1.90586 2984
1.90586 2985
1.90587 2987
1.90587 2989
1.90587 2991
1.90587 2993
1.90587 2995
1.90588 2996
1.90588 2999
1.90588 3001
1.90588 3002
1.90589 3008
1.90589 3009
1.90589 3010
1.90589 3011
1.90589 3012
1.9059 3015
1.9169 2543
1.9169 2547
1.9169 2550
1.91691 2554
1.91691 2558
1.91691 2563
1.91691 2564
1.91692 2571
1.91692 2580
1.91692 2584
1.91693 2588
1.91693 2594
1.91693 2596
1.91693 2599
1.91693 2600
1.91694 2603
1.91694 2605
1.91694 2608
1.91694 2609
1.91694 2614
1.91695 2617
1.91695 2618
1.91695 2621
1.91695 2622
1.91695 2626
1.91696 2633
1.91696 2635
1.91696 2641
1.91696 2642
1.91697 2644
1.91697 2647
1.91697 2649
1.91697 2650
1.91697 2655
1.91697 2658
1.91698 3016
1.91698 3020
1.91699 3022
1.91699 3025
1.91699 3026
1.91699 3027
1.91699 3030
1.917 3031
1.917 3035
1.917 3036
1.917 3037
1.91701 3041
1.91701 3042
1.92801 2319
1.92801 2556
1.92802 2563
1.92802 2567
1.92802 2575
1.92802 2581
1.92802 2582
1.92803 2589
1.92803 2594
1.92803 2599
1.92803 2600
1.92803 2601
1.92803 2603
1.92804 2607
1.92804 2608
1.92804 2609
1.92804 2612
1.92805 2617
1.92805 2623
1.92805 2624
1.92805 2631
1.92806 2637
1.92806 2643
1.92806 2647
1.92807 2650
1.92807 2660
1.92807 2661
1.92808 3043
1.92808 3044
1.92808 3049
1.92809 3051
1.92809 3054
1.92809 3055
1.9281 3059
1.9281 3060
1.9281 3061
1.9281 3064
1.92811 3069
1.92811 3070
1.92811 3073
1.92811 3075
1.92811 3076
1.92812 3078
1.92812 3080
1.93912 2319
1.93912 2547
1.93912 2562
1.93912 2581
1.93913 2596
1.93913 2599
1.93914 2603
1.93914 2606
1.93914 2612
1.93914 2613
1.93914 2614
1.93915 2617
1.93915 2621
1.93915 2622
1.93915 2624
1.93915 2629
1.93916 2631
1.93916 2633
1.93916 2635
1.93916 2637
1.93916 2639
1.93917 2647
1.93917 2649
1.93917 2652
1.93917 2658
1.93918 2661
1.93918 2662
1.93918 2663
1.93918 2666
1.93918 2669
1.93918 2670
1.93919 2673
1.93919 2674
1.9392 2690
1.93921 2703
1.93922 2723
1.93922 2724
1.93922 2728
1.95023 2319
1.95023 2581
1.95024 2589
1.95024 2595
1.95024 2606
1.95025 2623
1.95025 2643
1.95025 2652
1.95026 2659
1.95026 2660
1.95026 2662
1.95026 2663
1.95027 2672
1.95027 2673
1.95027 2675
1.95027 2677
1.95028 2686
1.95029 2698
1.95029 2705
1.95029 2709
1.9503 2712
1.9503 2719
1.9503 2724
1.95031 2735
1.95031 2743
1.95032 2750
1.95032 2754
1.95032 2755
1.95033 2768
1.95033 2771
1.95033 2772
1.95034 2776
1.95034 2777
1.95034 2778
1.95035 2787
1.95035 2796
1.95035 2801
1.95036 2803
1.95036 2806
1.95036 2808
1.95036 2809
1.95036 2815
1.95037 2821
1.95037 2822
1.96134 2532
1.96134 2552
1.96135 2639
1.96135 2656
1.96135 2662
1.96136 2666
1.96137 2673
1.96137 2674
1.96137 2675
1.96137 2677
1.96137 2678
1.96137 2680
1.96137 2685
1.96138 2689
1.96138 2691
1.96138 2697
1.96138 2698
1.96139 2701
1.9614 2719
1.9614 2723
1.9614 2724
1.9614 2725
1.9614 2728
1.96141 2743
1.96141 2748
1.96141 2750
1.96142 2753
1.96142 2762
1.96143 2768
1.96143 2771
1.96143 2772
1.96143 2775
1.96143 2776
1.96144 2778
1.96144 2781
1.96144 2783
1.96144 2786
1.96144 2787
1.96145 2796
1.96145 2802
1.96145 2803
1.96145 2807
1.96146 2809
1.96146 2814
1.96146 2815
1.96146 2818
1.96146 2820
1.96146 2821
1.96146 2822
1.96147 2825
1.96147 2832
1.96147 2833
1.96147 2835
1.96147 2837
1.96148 2839
1.96148 2845
1.96148 2847
1.96148 2849
1.96148 2850
1.96148 2851
1.96149 2855
1.96149 2856
1.96149 2857
1.96149 2862
1.9615 2869
1.9615 2877
1.96151 2881
1.96151 2883
1.96151 2886
1.97245 2532
1.97245 2593
1.97246 2616
1.97246 2656
1.97246 2659
1.97246 2665
1.97246 2671
1.97246 2672
1.97246 2675
1.97246 2677
1.97247 2678
1.97247 2684
1.97247 2687
1.97248 2696
1.97248 2698
1.97248 2705
1.97249 2713
1.97249 2716
1.97249 2730
1.97251 2753
1.97251 2754
1.97251 2755
1.97251 2756
1.97251 2761
1.97251 2762
1.97251 2764
1.97252 2767
1.97252 2771
1.97252 2774
1.97252 2776
1.97253 2783
1.97253 2789
1.97254 2794
1.97254 2800
1.97254 2803
1.97254 2806
1.97254 2807
1.97255 2808
1.97255 2809
1.97255 2814
1.97255 2820
1.97255 2821
1.97255 2822
1.97255 2824
1.97256 2825
1.97256 2831
1.97256 2834
1.97256 2836
1.97256 2837
1.97257 2839
1.97257 2840
1.97257 2843
1.97257 2845
1.97257 2850
1.97258 2853
1.97258 2855
1.97258 2856
1.97258 2859
1.97259 2866
1.97259 2867
1.97259 2869
1.97259 2871
1.9726 2878
1.9726 2881
1.9726 2882
1.9726 2883
1.9726 2887
1.9726 2890
1.97261 2897
1.97261 2901
1.97262 2904
1.97262 2906
1.97262 2910
1.97262 2911
1.97262 2912
1.97262 2913
1.97263 2916
1.97263 2917
1.97263 2925
1.97264 2935
1.97264 2936
1.97264 2943
1.97265 2957
1.98356 2552
1.98356 2593
1.98357 2656
1.98357 2667
1.98357 2678
1.98358 2687
1.98358 2691
1.98359 2713
1.98359 2725
1.98359 2727
1.9836 2736
1.9836 2744
1.9836 2748
1.9836 2753
1.9836 2756
1.9836 2757
1.98361 2765
1.98361 2774
1.98362 2783
1.98362 2807
1.98363 2824
1.98364 2833
1.98364 2835
1.98364 2839
1.98364 2843
1.98365 2847
1.98365 2850
1.98365 2851
1.98365 2853
1.98365 2854
1.98365 2855
1.98365 2856
1.98366 2857
1.98366 2858
1.98366 2859
1.98366 2862
1.98366 2864
1.98366 2867
1.98367 2880
1.98367 2882
1.98368 2890
1.98369 2897
1.98369 2903
1.98369 2904
1.98369 2905
1.98369 2906
1.9837 2908
1.9837 2911
1.9837 2912
1.9837 2913
1.9837 2922
1.98371 2923
1.98371 2931
1.98371 2935
1.98371 2936
1.98371 2937
1.98372 2942
1.98372 2943
1.98372 2945
1.98372 2946
1.98372 2948
1.98372 2957
1.99467 2616
1.99469 2716
1.99469 2727
1.99469 2733
1.9947 2739
1.9947 2749
1.9947 2757
1.9947 2765
1.99471 2767
1.99471 2790
1.99471 2800
1.99472 2831
1.99472 2840
1.99472 2852
1.99472 2853
1.99472 2854
1.99473 2861
1.99473 2864
1.99473 2867
1.99473 2872
1.99474 2880
1.99474 2882
1.99474 2887
1.99474 2891
1.99475 2894
1.99475 2898
1.99475 2901
1.99475 2902
1.99475 2903
1.99476 2905
1.99476 2906
1.99476 2911
1.99476 2912
1.99477 2917
1.99477 2925
1.99477 2930
1.99477 2932
1.99477 2935
1.99478 2942
1.99478 2943
1.99478 2946
1.99478 2948
1.99479 2960
1.99479 2969
1.99479 2970
1.99479 2973
1.9948 2974
1.9948 2978
