1.0351 1
1.03512 2
1.03524 4
1.03535 24
1.03537 25
1.03539 26
1.03541 27
1.03556 29
1.03558 30
1.03568 33
1.03575 35
1.03584 38
1.03589 39
1.03599 41
1.03601 43
1.03603 44
1.03605 47
1.03608 48
1.03611 50
1.03614 52
1.03616 55
1.03619 57
1.03622 61
1.03624 62
1.03626 64
1.03629 65
1.03634 67
1.03636 68
1.03638 69
1.0364 72
1.03645 75
1.03648 76
1.0365 77
1.03653 79
1.03656 82
1.03659 88
1.03662 89
1.03664 91
1.03667 92
1.03669 96
1.03671 97
1.04618 100
1.0462 101
1.04622 102
1.04624 103
1.04626 104
1.04658 110
1.04662 112
1.04667 115
1.04671 116
1.04677 117
1.04685 118
1.04687 120
1.04689 121
1.04691 124
1.04695 127
1.04697 128
1.047 129
1.04702 130
1.04705 137
1.04707 138
1.04709 140
1.04712 142
1.04714 143
1.04717 145
1.04719 149
1.04722 150
1.04724 151
1.04726 154
1.04728 156
1.0473 157
1.04733 158
1.04737 167
1.0474 168
1.04741 171
1.04744 173
1.04746 176
1.04748 177
1.0475 184
1.04753 185
1.04755 186
1.04757 188
1.0476 189
1.04763 190
1.04765 194
1.04767 195
1.04769 196
1.0573 205
1.05734 206
1.0574 207
1.05749 209
1.05756 210
1.05762 212
1.05769 214
1.05776 219
1.0579 220
1.05795 224
1.05804 225
1.05806 227
1.05808 229
1.05811 230
1.05825 231
1.0583 233
1.05838 237
1.05845 239
1.0585 240
1.05855 242
1.05865 249
1.0587 254
1.05876 255
1.0588 260
1.05882 261
1.05884 265
1.05886 268
1.05892 274
1.05894 275
1.05896 276
1.05898 278
1.05903 281
1.05905 284
1.05907 285
1.0591 286
1.05913 288
1.05915 289
1.05917 290
1.05919 291
1.05921 293
1.05924 296
1.05926 297
1.05929 299
1.0684 300
1.06846 303
1.06848 305
1.0685 306
1.06855 312
1.06857 314
1.06859 316
1.06861 318
1.06864 319
1.06868 322
1.06871 325
1.06873 326
1.06876 327
1.06878 330
1.06883 332
1.06889 340
1.06892 342
1.06894 343
1.06896 345
1.06898 347
1.069 348
1.06902 350
1.06905 352
1.06908 353
1.0691 363
1.06912 364
1.06918 370
1.0692 372
1.06922 373
1.06924 375
1.06927 376
1.06929 378
1.06931 384
1.06934 385
1.06939 394
1.06941 395
1.06943 398
1.06945 399
1.07952 404
1.07956 408
1.07961 409
1.07967 412
1.07972 413
1.07987 416
1.07989 419
1.07992 421
1.07995 422
1.07997 426
1.07999 427
1.08001 428
1.08003 431
1.08005 432
1.08008 434
1.08036 436
1.08045 438
1.08049 440
1.08054 441
1.08063 442
1.08065 444
1.08067 450
1.0807 452
1.08073 453
1.08089 457
1.08094 458
1.08099 461
1.08101 464
1.08103 465
1.08106 467
1.08109 473
1.08111 474
1.08113 478
1.08115 486
1.08118 487
1.0812 490
1.08122 495
1.08125 497
1.08128 499
1.09063 502
1.09068 505
1.09073 507
1.09077 509
1.09084 516
1.09091 523
1.09096 525
1.09103 529
1.09114 535
1.09119 540
1.09124 541
1.09129 542
1.09131 543
1.09134 544
1.09137 545
1.09154 550
1.09164 554
1.09166 556
1.09168 557
1.0917 558
1.09172 561
1.09174 562
1.09177 563
1.0918 568
1.09182 569
1.09185 570
1.09187 573
1.0919 576
1.09192 577
1.09194 578
1.09196 581
1.09198 585
1.092 587
1.09202 589
1.09205 591
1.09207 592
1.0921 595
1.09212 596
1.09214 597
1.09216 599
1.10174 0
1.10179 7
1.10183 9
1.10188 10
1.10192 13
1.10197 16
1.10199 17
1.10203 21
1.10205 22
1.10207 28
1.10209 31
1.10211 32
1.10214 36
1.10217 42
1.10221 54
1.10223 58
1.10228 73
1.10231 78
1.10232 80
1.10236 86
1.10238 93
1.10241 94
1.10243 99
1.10245 606
1.10249 612
1.10251 614
1.10253 617
1.10255 620
1.10258 621
1.1026 622
1.10263 623
1.10265 627
1.10267 628
1.10269 632
1.10271 633
1.10273 638
1.11285 0
1.11294 5
1.11299 7
1.11301 8
1.11303 9
1.11305 10
1.11309 11
1.11314 16
1.11316 18
1.11318 19
1.1132 21
1.11323 22
1.11325 23
1.11327 28
1.11329 31
1.11332 36
1.11335 37
1.11338 40
1.11341 46
1.11343 49
1.11345 51
1.11347 54
1.11349 59
1.11351 60
1.11353 70
1.11355 73
1.11357 80
1.11359 90
1.11361 93
1.11363 99
1.11366 111
1.11368 113
1.1137 122
1.11377 126
1.11379 131
1.11381 133
1.11383 134
1.11386 139
1.11389 152
1.11393 155
1.11395 159
1.11397 160
1.11399 162
1.11403 164
1.11405 165
1.11407 166
1.11409 172
1.11411 174
1.11413 178
1.11416 180
1.11418 181
1.11423 197
1.11425 198
1.12396 3
1.12401 5
1.12415 7
1.1242 13
1.12427 16
1.1244 21
1.12442 34
1.12444 45
1.12446 46
1.12448 54
1.1245 56
1.12452 70
1.12455 71
1.12458 78
1.1246 81
1.12462 84
1.12464 86
1.12466 90
1.12468 94
1.1247 98
1.12472 99
1.12474 108
1.12476 113
1.12479 114
1.12483 123
1.12484 125
1.12487 126
1.12489 131
1.12491 132
1.12493 133
1.12495 136
1.12498 139
1.125 141
1.12502 148
1.12504 155
1.12506 159
1.12509 160
1.12511 163
1.12513 164
1.12515 166
1.12517 170
1.1252 174
1.12522 178
1.12524 179
1.12526 180
1.12528 187
1.12531 193
1.12533 198
1.12536 199
1.12539 204
1.12541 211
1.12544 213
1.12546 221
1.12548 222
1.1255 223
1.12557 232
1.12559 238
1.12562 245
1.12563 246
1.12566 251
1.12569 253
1.12571 256
1.12573 257
1.12575 258
1.12577 259
1.12579 263
1.12584 269
1.12586 270
1.12588 272
1.1259 279
1.12595 287
1.126 294
1.12603 295
1.1351 6
1.13515 12
1.13522 14
1.1353 18
1.13536 20
1.13542 23
1.13549 34
1.13556 37
1.1356 45
1.13562 46
1.13564 49
1.13566 51
1.1357 60
1.13587 70
1.13589 81
1.13591 85
1.13593 95
1.13595 98
1.13598 106
1.136 122
1.13602 125
1.13604 126
1.13606 134
1.13609 135
1.13611 141
1.13616 144
1.13618 147
1.1362 159
1.13622 164
1.13625 169
1.13629 174
1.13631 179
1.13633 180
1.13635 181
1.13638 182
1.13641 183
1.13643 187
1.13645 191
1.13647 192
1.13649 198
1.13651 201
1.13654 202
1.13657 203
1.13659 208
1.13661 213
1.13663 216
1.13665 217
1.13667 218
1.13672 228
1.13674 232
1.13676 236
1.1368 241
1.13682 245
1.13686 248
1.13688 250
1.13691 252
1.13693 253
1.13697 270
1.13702 283
1.13705 304
1.13707 308
1.1371 315
1.13712 317
1.13714 320
1.13716 323
1.13719 331
1.13721 334
1.13723 335
1.13725 336
1.13727 337
1.13733 341
1.13737 351
1.13739 357
1.13741 360
1.13744 365
1.13746 367
1.13749 369
1.13751 380
1.13754 381
1.13756 383
1.13758 386
1.13761 391
1.13763 392
1.14619 15
1.14628 34
1.14634 53
1.14639 56
1.14644 63
1.14651 81
1.14656 84
1.1466 85
1.14666 87
1.14671 105
1.14677 106
1.14681 107
1.14688 119
1.14696 132
1.14703 136
1.14708 144
1.14713 147
1.14717 148
1.14722 153
1.14724 175
1.14727 182
1.14729 187
1.14731 191
1.14733 193
1.14735 201
1.1474 221
1.14742 223
1.14744 226
1.14746 228
1.14749 232
1.14751 241
1.14754 243
1.14756 247
1.14758 248
1.14762 253
1.14764 256
1.14766 262
1.14768 267
1.14771 269
1.14773 270
1.14775 271
1.14777 273
1.1478 277
1.14782 282
1.14784 287
1.14786 292
1.14788 294
1.14794 311
1.14799 315
1.14801 328
1.14803 329
1.14811 334
1.14813 338
1.14815 339
1.14818 344
1.1482 346
1.14822 349
1.14824 351
1.14827 355
1.14829 357
1.14831 359
1.14834 362
1.14836 365
1.14839 368
1.14841 369
1.14843 374
1.14846 380
1.14848 381
1.14852 387
1.14857 393
1.14859 396
1.14863 405
1.14865 410
1.14867 411
1.15045 414
1.15047 423
1.15049 425
1.15052 429
1.15054 433
1.15056 437
1.15058 439
1.1506 446
1.15087 447
1.15092 448
1.15096 455
1.15101 463
1.15103 466
1.15106 468
1.15108 469
1.15111 470
1.15113 476
1.15729 6
1.15738 12
1.15742 14
1.15744 15
1.15751 20
1.15756 63
1.15761 95
1.15768 107
1.15773 119
1.15783 146
1.1579 147
1.15794 153
1.15799 169
1.15804 216
1.15806 218
1.15808 226
1.15811 228
1.15813 234
1.15818 250
1.1582 252
1.15822 262
1.15824 267
1.15827 277
1.15829 280
1.15831 282
1.15833 283
1.15835 298
1.15838 301
1.15841 302
1.15843 304
1.15846 307
1.15848 308
1.1585 311
1.15852 315
1.15854 320
1.15858 324
1.15863 331
1.15867 341
1.15869 344
1.15871 346
1.15873 351
1.15875 355
1.15877 356
1.15879 357
1.15881 358
1.15883 359
1.15886 360
1.15888 361
1.1589 362
1.15893 368
1.15895 369
1.15897 371
1.15899 377
1.15901 381
1.15903 382
1.15905 386
1.15908 388
1.15913 392
1.15914 393
1.15917 397
1.15919 401
1.15921 402
1.15923 403
1.15925 406
1.15927 407
1.1593 414
1.15933 415
1.15935 417
1.1594 430
1.15943 435
1.15945 447
1.15953 456
1.15955 462
1.15957 475
1.15959 481
1.15961 483
1.15963 485
1.15966 489
1.15968 496
1.1597 501
1.15972 503
1.15974 504
1.15976 508
1.1598 511
1.15983 515
1.15985 517
1.1599 519
1.1684 15
1.16846 53
1.16858 107
1.16866 109
1.16873 175
1.16881 215
1.16887 217
1.16893 218
1.16906 236
1.16911 243
1.16918 248
1.16923 250
1.16928 252
1.16933 264
1.16942 266
1.16948 277
1.16953 280
1.16961 283
1.16966 298
1.1697 301
1.16975 307
1.16981 308
1.16988 310
1.16995 313
1.16999 320
1.17007 324
1.17012 328
1.17018 331
1.17024 333
1.17026 335
1.17031 339
1.17033 341
1.17036 346
1.1704 351
1.17042 357
1.17044 362
1.17047 365
1.17049 366
1.17051 377
1.17053 379
1.17055 381
1.17062 382
1.17095 387
1.17097 388
1.17099 390
1.17126 391
1.1713 400
1.17139 402
1.17141 405
1.17143 406
1.17145 411
1.17148 414
1.1715 415
1.17152 417
1.17155 418
1.17157 420
1.17159 424
1.17162 425
1.17164 430
1.17167 433
1.1717 435
1.17235 437
1.17237 443
1.17239 451
1.17255 455
1.17257 456
1.17259 459
1.17262 460
1.17264 463
1.17266 466
1.17268 469
1.1727 472
1.17272 475
1.17274 476
1.17276 480
1.17278 483
1.17281 484
1.17283 488
1.17285 491
1.1729 493
1.17295 496
1.17297 498
1.173 500
1.17302 501
1.17304 506
1.17306 511
1.17308 517
1.1731 518
1.17313 521
1.17316 526
1.17318 527
1.1732 528
1.17322 536
1.17324 539
1.17327 546
1.17329 547
1.17331 548
1.17952 66
1.17956 146
1.17965 161
1.17972 266
1.17982 307
1.17984 313
1.17987 321
1.17989 324
1.17994 354
1.17996 356
1.17998 358
1.18002 361
1.18005 366
1.18007 382
1.1801 388
1.18013 401
1.18015 403
1.18018 406
1.1802 407
1.18022 415
1.18024 430
1.18027 435
1.18029 449
1.18033 455
1.18036 456
1.18038 459
1.18041 460
1.18043 466
1.18045 469
1.18049 471
1.18053 475
1.18054 477
1.18057 480
1.1806 482
1.18062 491
1.18064 496
1.18066 500
1.18068 503
1.18071 504
1.18073 506
1.18077 508
1.18078 510
1.18081 515
1.18085 518
1.18087 521
1.18092 524
1.18094 526
1.18098 532
1.181 533
1.18104 536
1.18107 539
1.18109 547
1.19065 200
1.19067 264
1.19072 321
1.19074 333
1.19079 366
1.19082 389
1.19086 397
1.1909 400
1.19092 401
1.19094 403
1.19096 407
1.19099 415
1.19101 417
1.19105 435
1.19107 445
1.19109 449
1.19112 451
1.19116 475
1.19118 480
1.1912 481
1.19122 484
1.19127 491
1.1913 492
1.19133 494
1.19136 498
1.19138 503
1.1914 504
1.19142 506
1.19144 512
1.19146 513
1.19149 515
1.19151 517
1.19153 518
1.19155 527
1.19158 530
1.1916 537
1.19163 538
1.19165 539
1.19167 548
1.20174 66
1.20176 74
1.20185 161
1.20192 235
1.20194 244
1.20196 354
1.20198 454
1.202 459
1.20202 471
1.20204 482
1.20206 488
1.20246 494
1.20251 510
1.20256 520
1.20262 526
1.20266 527
1.20271 528
1.2028 531
1.20286 532
1.2029 534
1.20296 546
1.20304 548
1.20308 549
1.20312 553
1.20314 641
1.20319 643
1.20321 646
1.20334 649
1.2034 650
1.20342 654
1.20346 658
1.2035 661
1.20352 662
1.20354 664
1.20359 669
1.20361 670
1.20364 671
1.20366 672
1.20368 674
1.2037 676
1.20372 677
1.20374 680
1.21285 83
1.21293 244
1.21298 309
1.21306 513
1.21311 520
1.21315 522
1.21321 530
1.21327 537
1.21331 549
1.21336 552
1.2134 683
1.21346 688
1.21351 690
1.21356 692
1.2136 696
1.21362 702
1.21364 707
1.21366 708
1.21369 711
1.21371 712
1.21374 717
1.21375 721
1.21378 726
1.21379 731
1.21381 734
1.21384 735
1.21386 736
1.21388 740
1.2139 742
1.21392 743
1.21395 746
1.21397 747
1.21399 750
1.21402 755
1.22397 454
1.22401 514
1.22406 520
1.22411 522
1.22416 534
1.22418 549
1.2242 551
1.22422 760
1.22425 762
1.22427 764
1.22457 770
1.22459 771
1.22461 774
1.22465 778
1.22467 780
1.22469 781
1.22471 783
1.22473 789
1.22476 791
1.22478 792
1.2248 793
1.22482 794
1.22485 796
1.22487 797
1.22489 799
1.22492 801
1.22494 802
1.22497 805
1.22499 807
1.22502 809
1.22504 810
1.22509 816
1.22511 817
1.22513 820
1.22516 824
1.22518 825
1.22521 827
1.22523 828
1.22525 829
1.22528 830
1.22531 831
1.22533 832
1.22535 833
1.2254 836
1.22542 837
1.22545 838
1.23507 514
1.23513 552
1.23521 843
1.23523 846
1.23533 847
1.23539 848
1.23541 849
1.23543 851
1.23545 852
1.23547 855
1.23549 857
1.23552 858
1.23554 862
1.23556 865
1.23559 873
1.23561 877
1.23563 878
1.23566 879
1.23569 883
1.23571 884
1.23575 890
1.23578 891
1.23582 894
1.23585 896
1.23588 897
1.2359 899
1.23593 901
1.23595 904
1.236 906
1.23603 908
1.23605 912
1.23607 913
1.23609 915
1.23611 921
1.23613 922
1.23615 924
1.23617 925
1.2362 927
1.23624 930
1.24618 479
1.24624 555
1.24629 560
1.24633 564
1.24639 566
1.24647 572
1.24649 933
1.24653 934
1.24655 935
1.24689 936
1.24695 937
1.24706 945
1.24713 946
1.24723 949
1.24727 954
1.24734 956
1.2474 959
1.24749 961
1.24751 962
1.24753 964
1.2476 966
1.24763 969
1.24765 970
1.24767 974
1.24769 978
1.24771 979
1.24774 980
1.24797 982
1.24799 984
1.24801 987
1.24804 993
1.24806 994
1.24808 996
1.2481 998
1.24814 1001
1.24816 1002
1.24822 1007
1.24824 1008
1.24826 1010
1.24828 1012
1.24831 1014
1.24833 1016
1.24835 1017
1.24837 1018
1.25729 479
1.25735 559
1.25737 560
1.25739 564
1.25741 565
1.25743 566
1.25745 567
1.25747 574
1.25749 1020
1.25751 1021
1.25753 1027
1.25755 1030
1.25759 1035
1.25762 1036
1.25763 1040
1.25766 1041
1.25769 1042
1.25771 1043
1.25776 1045
1.2578 1048
1.25782 1049
1.25784 1051
1.25786 1052
1.25788 1054
1.2579 1056
1.25793 1057
1.25796 1060
1.25798 1061
1.258 1063
1.25802 1065
1.25804 1069
1.25807 1072
1.25809 1078
1.25811 1080
1.25814 1083
1.25816 1090
1.2582 1094
1.25823 1095
1.25825 1096
1.25827 1097
1.2583 1099
1.25833 1101
1.25836 1102
1.25838 1103
1.2584 1104
1.25842 1105
1.26841 555
1.26845 559
1.26851 560
1.26855 564
1.2686 566
1.26865 567
1.26872 572
1.26874 574
1.26877 575
1.26879 580
1.26881 582
1.26883 583
1.26885 584
1.26888 586
1.26894 610
1.26898 616
1.269 618
1.26956 624
1.26962 625
1.26967 626
1.26972 634
1.26982 637
1.2699 644
1.26996 645
1.27005 647
1.2701 655
1.27015 656
1.27019 657
1.27026 1107
1.27037 1111
1.27046 1113
1.27048 1118
1.2705 1119
1.27055 1121
1.27057 1122
1.27059 1125
1.27061 1128
1.27065 1131
1.27067 1133
1.2707 1134
1.27072 1135
1.27075 1137
1.27077 1138
1.27952 559
1.27953 567
1.27958 580
1.2796 593
1.27963 594
1.27965 601
1.27967 602
1.27969 615
1.27971 624
1.27975 629
1.27977 630
1.27979 634
1.27981 635
1.27993 640
1.27995 645
1.27997 651
1.27999 652
1.28002 655
1.28005 659
1.28007 665
1.28009 667
1.28011 673
1.28013 675
1.28016 678
1.28018 679
1.28021 689
1.28023 693
1.28025 698
1.28027 699
1.28029 700
1.28031 709
1.28034 718
1.28037 720
1.28039 722
1.28041 723
1.28044 729
1.28049 732
1.28051 733
1.28054 737
1.28056 738
1.28058 744
1.2806 745
1.28062 748
1.28064 749
1.28066 751
1.28068 752
1.28071 753
1.29063 571
1.29065 575
1.29067 579
1.29071 586
1.29073 590
1.29075 593
1.29078 594
1.2908 598
1.29082 602
1.29084 603
1.29088 608
1.2909 611
1.29096 615
1.29098 618
1.291 619
1.29102 630
1.29104 635
1.29107 639
1.2911 640
1.29114 644
1.29118 647
1.2912 655
1.29123 656
1.29125 657
1.29127 659
1.29129 663
1.29131 668
1.29134 673
1.29137 679
1.29139 681
1.29141 682
1.29143 684
1.29145 685
1.29147 686
1.29151 693
1.29153 695
1.29155 698
1.29157 700
1.2916 704
1.29163 705
1.29165 709
1.29168 710
1.2917 715
1.29172 716
1.29174 720
1.29176 722
1.29178 723
1.29181 728
1.29186 732
1.29188 739
1.29191 741
1.29199 751
1.29202 756
1.29205 759
1.29207 761
1.29209 765
1.29216 772
1.29218 773
1.2922 776
1.29223 782
1.29226 785
1.29233 804
1.29236 806
1.29241 812
1.29243 818
1.29245 822
1.29247 826
1.2925 835
1.30178 593
1.30182 603
1.30187 604
1.30194 609
1.30199 611
1.30201 613
1.30203 615
1.30212 629
1.30219 630
1.30223 636
1.30227 642
1.30233 652
1.3024 653
1.30246 660
1.30248 663
1.3025 667
1.30252 668
1.30254 675
1.30256 678
1.30259 684
1.30261 685
1.30264 686
1.30266 687
1.30268 691
1.3027 693
1.30274 695
1.30276 697
1.3028 698
1.30282 706
1.30285 709
1.30287 710
1.3029 716
1.30292 718
1.30294 720
1.30296 723
1.30298 724
1.303 725
1.30302 728
1.30305 730
1.3031 741
1.30312 744
1.30314 749
1.30317 754
1.30319 756
1.30321 757
1.30323 758
1.30325 759
1.30327 765
1.3033 766
1.30333 772
1.30335 779
1.30337 782
1.3034 785
1.30342 786
1.30344 787
1.30347 790
1.3035 803
1.30353 804
1.30356 808
1.30358 814
1.30366 821
1.30369 822
1.30371 823
1.30373 835
1.30375 840
1.30377 841
1.30379 844
1.30382 845
1.30384 856
1.30386 859
1.30388 860
1.3039 863
1.30392 864
1.30395 866
1.30397 867
1.30399 868
1.30401 872
1.30403 875
1.30405 882
1.30407 885
1.3041 889
1.30413 893
1.30416 902
1.30418 911
1.3042 916
1.30422 917
1.30424 920
1.30427 926
1.30429 938
1.30432 939
1.30434 942
1.30439 944
1.31285 571
1.3129 588
1.31297 590
1.31305 603
1.3131 609
1.31315 611
1.3132 613
1.31322 639
1.31324 653
1.31326 660
1.3133 682
1.31332 684
1.31334 695
1.31338 697
1.31341 701
1.31344 703
1.31346 705
1.31348 714
1.31353 725
1.31357 739
1.31359 741
1.31361 754
1.31363 756
1.31366 758
1.31368 761
1.3137 767
1.31372 775
1.31374 777
1.31377 779
1.31379 790
1.31381 795
1.31383 798
1.31388 803
1.3139 804
1.31393 806
1.31397 815
1.314 818
1.31402 819
1.31405 821
1.31407 823
1.31409 826
1.31411 834
1.31413 835
1.31415 839
1.31418 840
1.3142 842
1.31422 850
1.31426 854
1.31428 861
1.3143 864
1.31432 866
1.31434 867
1.31436 869
1.31439 870
1.31441 871
1.31446 875
1.31448 876
1.3145 882
1.31453 898
1.31455 902
1.31458 907
1.31462 909
1.31465 911
1.31469 918
1.31471 919
1.31473 920
1.31476 923
1.31478 926
1.31481 928
1.31483 929
1.31486 932
1.31488 938
1.3149 941
1.31492 943
1.31494 948
1.31497 952
1.315 955
1.31503 968
1.31506 981
1.31508 983
1.3151 985
1.31513 991
1.31515 992
1.31517 995
1.31519 997
1.31521 1003
1.31523 1005
1.31525 1006
1.31528 1009
1.3153 1015
1.32398 609
1.32403 631
1.32411 653
1.32415 691
1.3242 697
1.32425 706
1.32432 714
1.32438 725
1.32442 739
1.32448 754
1.32452 757
1.3246 759
1.32465 761
1.3247 765
1.32476 766
1.32478 767
1.32493 769
1.32494 775
1.32496 776
1.325 782
1.32502 784
1.32504 785
1.32506 786
1.3251 788
1.32512 795
1.32514 798
1.32516 803
1.32518 804
1.3252 811
1.32523 812
1.32525 813
1.32527 814
1.32529 815
1.32531 823
1.32535 835
1.32538 844
1.3254 845
1.32545 859
1.32547 863
1.32549 870
1.32551 871
1.32553 882
1.32556 888
1.32559 889
1.32561 895
1.32563 898
1.32565 900
1.32567 902
1.32572 905
1.32574 909
1.32583 920
1.32585 928
1.32587 929
1.32589 938
1.32594 941
1.32597 943
1.32601 944
1.32603 947
1.32606 950
1.32608 952
1.3261 953
1.32612 955
1.32614 972
1.32616 977
1.32619 986
1.32621 989
1.32624 991
1.32627 992
1.32629 997
1.32631 1000
1.32637 1005
1.32639 1006
1.32641 1009
1.32643 1022
1.3265 1032
1.32652 1034
1.32655 1037
1.32656 1047
1.32659 1062
1.32662 1066
1.32664 1068
1.33507 600
1.33512 605
1.33517 607
1.33521 631
1.33523 648
1.33525 694
1.33528 703
1.3353 727
1.33532 767
1.33536 777
1.33539 784
1.33541 788
1.33543 795
1.33546 813
1.33548 823
1.3355 839
1.33552 840
1.33554 854
1.33591 861
1.33595 863
1.33605 870
1.3361 871
1.33615 874
1.33619 875
1.33624 880
1.33626 882
1.33628 886
1.3363 889
1.33632 892
1.33636 895
1.33638 898
1.3364 903
1.33643 916
1.33646 918
1.33648 919
1.3365 920
1.33653 926
1.33655 929
1.33657 931
1.3366 938
1.33664 948
1.33669 957
1.33671 958
1.33673 960
1.33675 967
1.33677 968
1.33679 973
1.33682 976
1.33685 977
1.33687 988
1.33689 991
1.33759 992
1.33763 999
1.33769 1003
1.33773 1004
1.3378 1009
1.33782 1011
1.33785 1022
1.33787 1031
1.33792 1033
1.33795 1034
1.33798 1038
1.338 1044
1.33806 1050
1.33809 1053
1.33811 1055
1.33813 1064
1.33846 1066
1.33851 1067
1.34621 648
1.34626 666
1.34628 694
1.3463 713
1.34632 727
1.34634 763
1.34636 767
1.34638 784
1.3464 795
1.34677 811
1.34679 813
1.34687 819
1.34689 854
1.34696 871
1.34705 880
1.34711 881
1.34717 888
1.34721 892
1.34729 898
1.34731 900
1.34733 903
1.34736 905
1.34738 907
1.3474 910
1.34744 918
1.34747 919
1.3475 928
1.34754 929
1.34757 940
1.34759 943
1.34761 950
1.34764 952
1.34766 955
1.34774 957
1.34776 958
1.34778 960
1.3478 963
1.34782 965
1.34784 967
1.34786 968
1.34788 971
1.3479 972
1.34794 975
1.34799 977
1.34801 983
1.34803 985
1.34805 986
1.34807 989
1.34809 990
1.34811 991
1.34813 995
1.34815 997
1.34817 999
1.3482 1000
1.34822 1003
1.34824 1011
1.34828 1023
1.3483 1026
1.34836 1032
1.3484 1044
1.34842 1046
1.34844 1059
1.34846 1062
1.34849 1064
1.34851 1066
1.34853 1067
1.3573 607
1.35739 666
1.35745 727
1.3575 768
1.35757 880
1.35763 886
1.35769 887
1.35777 892
1.35782 914
1.35787 931
1.35789 951
1.35791 957
1.35793 960
1.35795 963
1.35813 967
1.35815 971
1.35817 973
1.3582 975
1.35822 988
1.35824 1000
1.35826 1011
1.35828 1019
1.35832 1024
1.35834 1025
1.35836 1028
1.35839 1033
1.35841 1039
1.35843 1047
1.35845 1050
1.35847 1053
1.3585 1062
1.35854 1068
1.35856 1071
1.35858 1075
1.3586 1076
1.35864 1082
1.35867 1084
1.35869 1086
1.35872 1143
1.35874 1144
1.35877 1147
1.35879 1148
1.35881 1149
1.35886 1158
1.36841 719
1.36851 853
1.36853 914
1.36855 940
1.36857 963
1.36859 965
1.36861 971
1.36863 1025
1.36866 1028
1.3687 1046
1.36873 1058
1.36875 1071
1.36877 1073
1.3688 1074
1.36882 1075
1.36884 1079
1.36887 1081
1.36889 1084
1.36891 1086
1.36893 1160
1.36895 1162
1.36897 1163
1.36899 1164
1.36902 1166
1.36905 1167
1.36907 1170
1.36909 1171
1.36913 1172
1.36915 1174
1.36917 1175
1.36919 1177
1.36921 1180
1.36923 1181
1.36925 1182
1.36927 1183
1.36929 1185
1.36931 1186
1.36934 1187
1.36936 1188
1.36938 1189
1.3694 1192
1.36942 1194
1.36944 1196
1.36952 1207
1.36954 1208
1.36959 1209
1.36961 1214
1.37952 887
1.37958 1013
1.37965 1025
1.37969 1029
1.37974 1058
1.37979 1071
1.37985 1079
1.37994 1081
1.37998 1082
1.38002 1086
1.38004 1220
1.38006 1222
1.38009 1225
1.38011 1226
1.38016 1228
1.38018 1230
1.3802 1231
1.38022 1232
1.38025 1233
1.38027 1236
1.38031 1243
1.38033 1244
1.38035 1246
1.38037 1248
1.3804 1249
1.38043 1250
1.38045 1252
1.38047 1253
1.3805 1257
1.38052 1258
1.38055 1259
1.38057 1260
1.38059 1261
1.38061 1266
1.38064 1268
1.38066 1269
1.38068 1271
1.38175 1273
1.3818 1274
1.38187 1276
1.38193 1277
1.38199 1282
1.38205 1283
1.38209 1285
1.38211 1288
1.39063 853
1.39065 1013
1.39067 1029
1.39071 1070
1.39073 1077
1.39075 1085
1.39077 1087
1.3908 1088
1.39085 1089
1.39087 1091
1.39089 1092
1.39091 1093
1.39093 1098
1.39095 1100
1.39097 1290
1.391 1291
1.39105 1293
1.39107 1294
1.39109 1295
1.39112 1298
1.39114 1305
1.39116 1306
1.39118 1307
1.3912 1311
1.39122 1313
1.39124 1314
1.39126 1319
1.39128 1320
1.3913 1321
1.39135 1328
1.39137 1329
1.39139 1331
1.39141 1332
1.39143 1335
1.39145 1336
1.39147 1339
1.39149 1342
1.39151 1343
1.39153 1350
1.39155 1351
1.39158 1357
1.39161 1358
1.39163 1363
1.39167 1365
1.39169 1366
1.40174 1029
1.40179 1070
1.40188 1077
1.40196 1093
1.40206 1100
1.40214 1368
1.40216 1369
1.40218 1370
1.40221 1376
1.40226 1381
1.40229 1384
1.40233 1389
1.40254 1390
1.40263 1394
1.40268 1395
1.40272 1396
1.40277 1398
1.40281 1401
1.40288 1403
1.40295 1405
1.40297 1406
1.40305 1409
1.40314 1411
1.40331 1414
1.40333 1416
1.40335 1418
1.40338 1420
1.4034 1424
1.40343 1425
1.40345 1428
1.40347 1429
1.40372 1432
1.40377 1433
1.40384 1436
1.40391 1440
1.40397 1441
1.40402 1444
1.40406 1446
1.41285 800
1.41291 1085
1.41296 1093
1.41301 1100
1.41306 1109
1.41313 1116
1.41317 1127
1.41319 1132
1.41321 1139
1.4134 1454
1.41344 1456
1.41349 1458
1.41354 1468
1.41363 1474
1.41365 1476
1.41367 1478
1.41369 1479
1.41371 1480
1.41374 1481
1.41384 1482
1.41386 1485
1.41405 1489
1.4141 1490
1.41415 1491
1.41419 1495
1.41425 1496
1.41427 1500
1.41429 1501
1.41431 1502
1.41433 1506
1.41435 1510
1.41439 1513
1.41442 1517
1.42396 800
1.42398 1106
1.424 1108
1.42402 1110
1.42404 1112
1.42406 1114
1.42409 1117
1.42411 1120
1.42414 1123
1.42416 1124
1.42418 1127
1.42421 1130
1.42423 1136
1.42426 1140
1.42428 1146
1.4243 1519
1.42435 1522
1.42438 1524
1.4244 1526
1.42442 1527
1.42444 1531
1.42447 1533
1.42453 1540
1.42456 1543
1.42458 1544
1.42461 1547
1.42463 1549
1.42465 1550
1.42469 1553
1.42472 1554
1.42474 1556
1.42476 1558
1.42478 1559
1.4248 1560
1.42482 1562
1.42484 1567
1.42487 1568
1.42489 1570
1.42491 1571
1.42494 1572
1.42499 1586
1.42506 1592
1.43507 1108
1.43509 1114
1.43513 1117
1.43519 1120
1.43521 1124
1.43523 1126
1.43526 1132
1.4353 1139
1.43532 1140
1.43534 1141
1.43537 1142
1.43539 1146
1.43541 1152
1.43543 1155
1.43545 1157
1.43547 1159
1.4355 1165
1.43552 1173
1.43556 1191
1.43558 1197
1.43561 1198
1.43563 1199
1.43565 1200
1.43567 1201
1.43569 1204
1.43571 1210
1.43574 1213
1.43576 1215
1.4358 1593
1.43582 1594
1.43586 1599
1.43588 1603
1.4359 1604
1.43593 1606
1.43597 1614
1.43599 1620
1.43601 1621
1.43603 1623
1.43605 1624
1.44618 1110
1.44623 1114
1.44628 1120
1.44635 1136
1.44639 1140
1.44647 1141
1.44656 1142
1.44665 1146
1.44671 1150
1.44675 1159
1.4468 1161
1.44684 1168
1.44686 1176
1.44688 1184
1.44691 1190
1.44693 1191
1.44712 1200
1.44719 1202
1.44727 1205
1.44733 1206
1.44737 1210
1.44742 1212
1.44744 1215
1.44747 1217
1.44757 1219
1.44763 1221
1.4477 1223
1.44774 1224
1.4478 1235
1.44785 1238
1.44792 1242
1.44797 1247
1.44799 1256
1.44811 1262
1.44816 1263
1.44824 1270
1.44826 1275
1.44828 1278
1.44831 1280
1.44837 1299
1.44839 1300
1.44841 1301
1.44843 1302
1.44845 1304
1.44848 1308
1.4485 1309
1.44852 1312
1.44854 1315
1.44856 1316
1.45729 1126
1.45734 1145
1.45736 1153
1.45738 1156
1.45747 1159
1.45751 1176
1.45755 1190
1.45759 1193
1.45761 1198
1.45766 1203
1.45768 1205
1.4577 1212
1.45772 1215
1.45774 1216
1.45776 1227
1.45778 1234
1.4578 1237
1.45785 1242
1.4579 1247
1.45798 1263
1.45803 1272
1.45805 1278
1.45809 1280
1.45814 1286
1.45843 1289
1.45845 1296
1.45849 1300
1.45851 1301
1.45853 1303
1.45855 1304
1.45857 1308
1.45859 1309
1.45862 1310
1.45864 1316
1.45866 1317
1.45868 1627
1.4684 1115
1.46844 1129
1.4685 1151
1.46859 1156
1.46864 1168
1.46868 1203
1.4687 1211
1.46872 1212
1.46875 1216
1.46877 1224
1.46884 1251
1.46887 1254
1.46889 1255
1.46891 1265
1.46893 1267
1.46895 1270
1.469 1279
1.46903 1280
1.46905 1284
1.46907 1287
1.46909 1292
1.46912 1301
1.46915 1304
1.46917 1310
1.4692 1315
1.46923 1317
1.46925 1323
1.46928 1327
1.4693 1330
1.46932 1333
1.46934 1334
1.46937 1337
1.46939 1341
1.46941 1344
1.46943 1345
1.46945 1347
1.46947 1348
1.4695 1353
1.46952 1355
1.46954 1361
1.46956 1362
1.46959 1367
1.46962 1372
1.46964 1373
1.46966 1375
1.46968 1378
1.46972 1382
1.46974 1385
1.46976 1386
1.46978 1388
1.46981 1391
1.46983 1392
1.47952 1115
1.47956 1129
1.47966 1151
1.4797 1153
1.47981 1178
1.47985 1195
1.47991 1211
1.47996 1216
1.48001 1218
1.48006 1234
1.48011 1240
1.48021 1254
1.48027 1264
1.48033 1272
1.48042 1286
1.48048 1310
1.48052 1318
1.48056 1323
1.4806 1324
1.48066 1326
1.48073 1330
1.48081 1338
1.48085 1340
1.48087 1344
1.4809 1346
1.48092 1348
1.48096 1353
1.48113 1354
1.48118 1355
1.48122 1360
1.48127 1361
1.48132 1362
1.4814 1367
1.48145 1371
1.4815 1372
1.48152 1374
1.48154 1377
1.48157 1378
1.48159 1379
1.48161 1380
1.48162 1385
1.48165 1387
1.48169 1397
1.48171 1399
1.48176 1400
1.4818 1410
1.48183 1412
1.48187 1419
1.4819 1422
1.48193 1426
1.48195 1439
1.48198 1442
1.48202 1445
1.48205 1449
1.48219 1462
1.48222 1463
1.48224 1464
1.49063 1151
1.49068 1154
1.49074 1178
1.49078 1179
1.49083 1195
1.49085 1229
1.49087 1240
1.49089 1245
1.49092 1251
1.49105 1267
1.4911 1279
1.49115 1281
1.4912 1287
1.49126 1297
1.4913 1318
1.49134 1322
1.49144 1325
1.49148 1326
1.49153 1337
1.49158 1338
1.49168 1341
1.49173 1345
1.49177 1346
1.49184 1352
1.49186 1355
1.49194 1359
1.49199 1362
1.49203 1364
1.4921 1371
1.49224 1374
1.4923 1377
1.49239 1380
1.49241 1383
1.49246 1386
1.49248 1387
1.4925 1388
1.49252 1391
1.49254 1397
1.49256 1402
1.49258 1404
1.4926 1408
1.49262 1410
1.49264 1419
1.49266 1421
1.49268 1422
1.4927 1426
1.49272 1434
1.49274 1438
1.49276 1447
1.49279 1457
1.49282 1461
1.49284 1463
1.49286 1464
1.49288 1467
1.49291 1469
1.49294 1472
1.49297 1473
1.49299 1484
1.49303 1487
1.49306 1493
1.49309 1498
1.49311 1499
1.49313 1507
1.49315 1508
1.49317 1509
1.49319 1515
1.49321 1516
1.50174 1154
1.50178 1218
1.50192 1229
1.50194 1241
1.50196 1264
1.502 1281
1.50202 1324
1.50204 1325
1.50206 1326
1.50208 1340
1.5021 1349
1.50212 1354
1.50214 1362
1.50217 1364
1.50221 1375
1.50223 1379
1.50225 1382
1.50227 1383
1.5023 1386
1.50232 1391
1.50235 1392
1.50238 1393
1.5024 1399
1.50242 1400
1.50244 1407
1.50246 1410
1.50248 1412
1.50251 1413
1.50253 1417
1.50255 1421
1.50257 1423
1.50261 1447
1.50269 1452
1.50271 1459
1.50273 1462
1.50276 1467
1.50278 1470
1.50281 1472
1.50284 1473
1.50286 1483
1.50288 1486
1.50291 1488
1.50292 1493
1.50297 1503
1.50299 1505
1.50301 1511
1.50303 1514
1.50305 1515
1.50308 1516
1.51287 1229
1.51292 1245
1.51297 1297
1.51301 1352
1.51303 1359
1.51308 1383
1.51313 1407
1.51315 1413
1.51318 1415
1.5132 1417
1.51322 1431
1.51324 1437
1.51326 1438
1.51328 1447
1.5133 1451
1.51363 1453
1.51365 1455
1.51373 1457
1.51375 1460
1.51377 1466
1.51381 1470
1.51385 1473
1.51387 1475
1.5139 1483
1.51411 1484
1.51413 1486
1.51416 1487
1.51418 1492
1.5142 1494
1.51422 1503
1.51424 1505
1.51427 1508
1.51428 1512
1.5143 1514
1.51433 1515
1.51435 1518
1.51438 1523
1.5144 1525
1.51442 1528
1.51443 1532
1.51449 1537
1.51451 1538
1.51453 1630
1.51455 1632
1.52396 1169
1.52398 1239
1.524 1241
1.52402 1356
1.52415 1393
1.5242 1413
1.52428 1415
1.52436 1417
1.52443 1427
1.52447 1431
1.52455 1453
1.52462 1459
1.52467 1460
1.52473 1469
1.5248 1470
1.52482 1472
1.52484 1473
1.52487 1475
1.52489 1488
1.52491 1492
1.52495 1498
1.52497 1499
1.52528 1504
1.52537 1505
1.52543 1507
1.52545 1509
1.52547 1515
1.52549 1523
1.52554 1528
1.52556 1529
1.52559 1532
1.52562 1538
1.52566 1548
1.5257 1561
1.52573 1563
1.52575 1564
1.52577 1566
1.5258 1637
1.52582 1638
1.52584 1640
1.52589 1642
1.52591 1643
1.52593 1644
1.52596 1645
1.53507 1239
1.53515 1427
1.53519 1431
1.53524 1443
1.53529 1450
1.53537 1460
1.53542 1466
1.53547 1471
1.53549 1475
1.53551 1477
1.53554 1494
1.53556 1518
1.53558 1520
1.5356 1521
1.53562 1528
1.53584 1529
1.53589 1530
1.53594 1537
1.53602 1538
1.53607 1539
1.53611 1545
1.53619 1546
1.53621 1551
1.53624 1555
1.53626 1557
1.5363 1565
1.53632 1566
1.53634 1569
1.53637 1650
1.5364 1651
1.53642 1652
1.53644 1653
1.53647 1654
1.5365 1656
1.53652 1657
1.53654 1659
1.53656 1660
1.53658 1661
1.5366 1662
1.5374 1665
1.53742 1668
1.53744 1669
1.53746 1673
1.53748 1674
1.53751 1675
1.53753 1679
1.53755 1681
1.5376 1684
1.53762 1686
1.53764 1687
1.53766 1690
1.5462 1356
1.54626 1430
1.54635 1450
1.54644 1504
1.54646 1521
1.54649 1534
1.54651 1535
1.54653 1536
1.54655 1545
1.54658 1548
1.5466 1552
1.54662 1555
1.54664 1569
1.54666 1691
1.54668 1693
1.5467 1694
1.54672 1695
1.54674 1697
1.54676 1698
1.54679 1704
1.54682 1705
1.54685 1706
1.54688 1709
1.5469 1711
1.54694 1716
1.54696 1718
1.54698 1719
1.54701 1720
1.54703 1721
1.54706 1723
1.54708 1724
1.54712 1726
1.54714 1727
1.54716 1728
1.54719 1730
1.54721 1731
1.54723 1732
1.54725 1735
1.54727 1738
1.5473 1741
1.54732 1742
1.54742 1749
1.54744 1750
1.54746 1752
1.54748 1753
1.55729 1430
1.55735 1435
1.55739 1450
1.55743 1520
1.55746 1521
1.55748 1535
1.5575 1536
1.55753 1541
1.55755 1545
1.55757 1551
1.55759 1555
1.55763 1758
1.55765 1759
1.55767 1760
1.5577 1761
1.55772 1762
1.55777 1768
1.55784 1771
1.55798 1772
1.55819 1774
1.55821 1775
1.55823 1776
1.55826 1780
1.55828 1782
1.55831 1788
1.55833 1789
1.55836 1790
1.55838 1792
1.5584 1793
1.55842 1794
1.55844 1795
1.55847 1797
1.55849 1798
1.55851 1799
1.55853 1800
1.55857 1803
1.5586 1806
1.55863 1811
1.55865 1812
1.55867 1813
1.55869 1814
1.55872 1820
1.55874 1822
1.55877 1823
1.55879 1824
1.56841 1497
1.56843 1534
1.56845 1535
1.56851 1542
1.56853 1552
1.56855 1573
1.56857 1574
1.5686 1576
1.56862 1828
1.56865 1830
1.56867 1831
1.56869 1833
1.56871 1836
1.56874 1837
1.56876 1838
1.56878 1842
1.5688 1843
1.56882 1846
1.56885 1849
1.5689 1856
1.56892 1857
1.56895 1861
1.56897 1862
1.569 1863
1.56902 1864
1.56904 1866
1.56906 1867
1.56908 1870
1.56911 1872
1.56913 1873
1.56917 1875
1.5692 1877
1.56922 1879
1.56924 1880
1.56926 1881
1.56929 1882
1.56931 1885
1.56933 1887
1.56935 1888
1.56937 1891
1.5694 1894
1.56942 1896
1.56945 1898
1.56947 1900
1.56949 1901
1.56952 1902
1.56954 1903
1.56956 1904
1.56958 1908
1.57952 1465
1.57954 1497
1.57965 1573
1.57967 1576
1.5797 1915
1.57981 1916
1.57987 1917
1.57993 1918
1.57995 1919
1.57999 1921
1.58002 1924
1.58005 1925
1.58009 1927
1.58011 1928
1.58013 1929
1.58015 1931
1.58018 1932
1.5802 1933
1.58024 1934
1.58026 1935
1.58028 1936
1.5803 1937
1.58032 1938
1.58035 1939
1.58038 1940
1.58041 1941
1.58043 1942
1.58045 1945
1.58047 1946
1.58052 1950
1.58055 1954
1.58058 1957
1.5806 1960
1.58062 1961
1.58064 1964
1.58066 1965
1.58068 1969
1.5807 1970
1.58072 1972
1.58074 1973
1.58077 1977
1.58079 1978
1.58081 1981
1.58083 1982
1.58085 1983
1.58087 1984
1.5809 1986
1.58092 1988
1.58094 1989
1.58096 1990
1.58098 1992
1.58101 1994
1.58103 1997
1.58105 1999
1.59063 1465
1.59071 1574
1.59073 1576
1.59077 1578
1.59079 1579
1.59083 1582
1.59085 1583
1.59087 1584
1.5909 1590
1.59096 1598
1.59098 1600
1.591 1602
1.59102 1605
1.59104 1609
1.59106 1612
1.59109 1613
1.59111 1615
1.59113 1616
1.59116 1617
1.59118 1622
1.5912 1629
1.59122 1631
1.59125 1633
1.59131 2001
1.59134 2004
1.59136 2005
1.59139 2007
1.59142 2009
1.59144 2013
1.59147 2014
1.59149 2017
1.59151 2018
1.59153 2019
1.59157 2024
1.5916 2025
1.59162 2031
1.59164 2032
1.59167 2033
1.59169 2035
1.59171 2036
1.59173 2039
1.59175 2041
1.59177 2042
1.5918 2044
1.59182 2045
1.59184 2047
1.60174 1448
1.60202 1575
1.60211 1577
1.60213 1578
1.60216 1579
1.60218 1581
1.6022 1583
1.60225 1587
1.60244 1589
1.60248 1595
1.60252 1596
1.60258 1597
1.6026 1598
1.60262 1600
1.60266 1602
1.60268 1607
1.60271 1609
1.60273 1610
1.60275 1611
1.60277 1612
1.6028 1616
1.60284 1625
1.60286 1629
1.60289 1631
1.60291 1634
1.60293 1635
1.60298 1646
1.60301 1655
1.60303 1667
1.60305 1670
1.60308 1671
1.60311 1672
1.60313 1676
1.60315 1677
1.60318 1688
1.60319 1696
1.60322 1700
1.60324 1701
1.60326 1702
1.60328 1703
1.6033 1708
1.60334 1717
1.60336 2050
1.60338 2052
1.60342 2055
1.60344 2056
1.60346 2058
1.60349 2059
1.60351 2060
1.61285 1575
1.61291 1577
1.61296 1579
1.61301 1580
1.61306 1584
1.61312 1589
1.61316 1590
1.61323 1598
1.61328 1601
1.61336 1607
1.61341 1608
1.61343 1609
1.61345 1610
1.61347 1615
1.6135 1618
1.61352 1622
1.61354 1626
1.61357 1629
1.61359 1633
1.61362 1634
1.61364 1636
1.61366 1647
1.61368 1663
1.6137 1667
1.61372 1676
1.61374 1678
1.61378 1685
1.6138 1688
1.61382 1689
1.61384 1692
1.61386 1696
1.6139 1699
1.61392 1700
1.61395 1701
1.61397 1703
1.614 1708
1.61402 1710
1.61404 1712
1.61406 1713
1.61408 1717
1.6141 1722
1.61413 2062
1.61415 2063
1.61417 2064
1.61419 2067
1.61421 2069
1.61423 2070
1.61425 2071
1.61427 2072
1.62398 1581
1.6241 1585
1.62414 1588
1.62416 1589
1.62418 1597
1.6242 1611
1.62424 1626
1.62426 1634
1.62428 1639
1.6243 1641
1.62432 1646
1.62435 1649
1.62439 1664
1.62441 1666
1.62443 1667
1.62445 1670
1.62447 1672
1.6245 1677
1.62452 1680
1.62454 1682
1.62456 1683
1.6246 1685
1.62462 1688
1.62464 1700
1.62466 1701
1.62469 1702
1.62473 1714
1.62476 1717
1.62478 1725
1.62481 1729
1.62483 1737
1.62486 1740
1.62488 1743
1.6249 1744
1.62492 1745
1.62494 1746
1.62496 1747
1.62498 1748
1.625 1756
1.62505 1765
1.62507 1767
1.62509 1769
1.62511 1773
1.62516 1781
1.62519 1785
1.62521 1786
1.62524 1787
1.62526 1796
1.62528 1801
1.62531 1802
1.62533 1804
1.62535 1805
1.62537 1808
1.63507 1585
1.63511 1591
1.63517 1601
1.63519 1618
1.63521 1626
1.63523 1628
1.63525 1636
1.63528 1641
1.6353 1649
1.63532 1666
1.63534 1672
1.63537 1678
1.6354 1682
1.63542 1685
1.63544 1689
1.63546 1692
1.63548 1699
1.6355 1708
1.63555 1713
1.63558 1714
1.6356 1717
1.63562 1725
1.63565 1733
1.63567 1736
1.63569 1739
1.63572 1743
1.63574 1744
1.63576 1746
1.6358 1767
1.63582 1770
1.63591 1784
1.63593 1786
1.63595 1802
1.63598 1804
1.636 1805
1.63602 1807
1.63604 1808
1.63606 1809
1.63609 1816
1.63611 1817
1.63613 1825
1.63617 1845
1.63619 1847
1.63623 1850
1.63626 1852
1.63632 1858
1.63635 1865
1.63637 1868
1.63639 1869
1.63641 1874
1.63645 1884
1.63648 1886
1.6365 1890
1.64618 1591
1.64624 1639
1.64626 1641
1.64628 1658
1.64631 1680
1.64633 1707
1.64636 1714
1.64638 1725
1.6464 1729
1.64643 1733
1.64645 1736
1.64653 1748
1.64656 1755
1.64658 1763
1.6466 1764
1.64662 1769
1.64664 1773
1.64666 1777
1.64668 1778
1.6467 1781
1.64673 1784
1.64675 1785
1.64677 1791
1.6468 1796
1.64682 1805
1.64685 1807
1.64688 1808
1.6469 1815
1.64692 1818
1.64696 1827
1.64704 1835
1.64706 1840
1.64708 1841
1.64712 1845
1.64714 1853
1.64716 1855
1.64718 1860
1.6472 1883
1.64724 1889
1.64727 1890
1.64729 1897
1.64731 1905
1.64735 1907
1.64737 1913
1.64739 1914
1.64741 1930
1.64743 1947
1.64745 1948
1.64747 1949
1.6475 1953
1.64752 1955
1.64755 1958
1.64757 1959
1.6573 1715
1.65735 1734
1.65739 1736
1.65748 1751
1.65753 1754
1.65761 1755
1.65763 1764
1.65765 1766
1.65767 1770
1.65769 1778
1.65774 1810
1.65775 1816
1.65778 1817
1.6578 1826
1.65784 1832
1.65787 1834
1.65789 1835
1.65792 1839
1.65794 1841
1.65796 1845
1.65802 1852
1.65804 1855
1.65806 1858
1.65808 1859
1.6581 1865
1.65812 1871
1.65815 1876
1.65817 1878
1.65819 1884
1.65826 1890
1.65828 1895
1.6583 1899
1.65833 1906
1.65835 1909
1.65838 1911
1.65841 1922
1.65843 1951
1.65845 1952
1.65847 1953
1.65849 1958
1.65853 1971
1.65855 1975
1.65858 1976
1.6586 1980
1.65862 1985
1.65864 1987
1.65866 1993
1.65868 1998
1.6587 2006
1.6684 1619
1.66845 1648
1.6685 1658
1.66855 1707
1.66861 1734
1.66869 1757
1.66874 1763
1.66879 1777
1.66892 1778
1.66896 1783
1.669 1810
1.66909 1815
1.66913 1819
1.66921 1826
1.66923 1835
1.66925 1844
1.66927 1848
1.66929 1851
1.66932 1859
1.66935 1860
1.66937 1878
1.66939 1883
1.66941 1892
1.66946 1893
1.66948 1895
1.66951 1913
1.66953 1926
1.66959 1952
1.66962 1953
1.66993 1956
1.67028 1967
1.67033 1971
1.67039 1975
1.67048 1993
1.67053 1996
1.67058 2000
1.67062 2075
1.67952 1619
1.67961 1648
1.67967 1715
1.67975 1766
1.6798 1810
1.67986 1819
1.67991 1821
1.67999 1829
1.68009 1854
1.68016 1859
1.68021 1892
1.68025 1893
1.68027 1895
1.68029 1899
1.68031 1911
1.68034 1912
1.68036 1920
1.68038 1943
1.6804 1951
1.68042 1963
1.68046 1967
1.68087 1968
1.68093 1971
1.68097 1974
1.68102 1976
1.68109 1985
1.68117 1993
1.68119 1996
1.68122 2006
1.68124 2077
1.68127 2081
1.68129 2082
1.68133 2086
1.68137 2088
1.6814 2090
1.68142 2093
1.68147 2096
1.68149 2097
1.68152 2098
1.68154 2099
1.68156 2102
1.68158 2103
1.6816 2108
1.69063 1757
1.69067 1829
1.69073 1854
1.6908 1892
1.69086 1910
1.69088 1920
1.69097 1926
1.69102 1943
1.69107 1944
1.69115 1962
1.69123 1967
1.69131 1968
1.69139 1991
1.69145 1995
1.69153 2111
1.69158 2112
1.69168 2117
1.6917 2118
1.69172 2119
1.69175 2122
1.69179 2124
1.69181 2125
1.69183 2126
1.69187 2131
1.6919 2133
1.69193 2134
1.69195 2135
1.69198 2136
1.692 2137
1.69202 2138
1.69205 2140
1.69207 2141
1.69211 2144
1.69213 2146
1.69216 2148
1.69218 2151
1.6922 2153
1.69222 2155
1.69225 2157
1.69228 2159
1.6923 2160
1.69232 2161
1.69234 2162
1.69236 2163
1.69239 2166
1.69241 2169
1.69244 2170
1.69247 2171
1.69249 2172
1.69252 2173
1.69254 2174
1.70174 1779
1.70179 1854
1.70181 1910
1.70183 1912
1.70185 1923
1.70188 1943
1.70191 1963
1.70193 1974
1.70195 1979
1.70197 2175
1.702 2177
1.70202 2178
1.70204 2179
1.70207 2181
1.70209 2182
1.70211 2183
1.70213 2184
1.70215 2187
1.70217 2188
1.7022 2189
1.70226 2192
1.70228 2193
1.70232 2196
1.70235 2197
1.70238 2200
1.70241 2201
1.70243 2202
1.70245 2203
1.70247 2204
1.70249 2209
1.70251 2210
1.70254 2211
1.70256 2216
1.70258 2218
1.70261 2219
1.70263 2220
1.70265 2221
1.70268 2223
1.7027 2227
1.70272 2229
1.70274 2231
1.70276 2233
1.7028 2235
1.70283 2237
1.70285 2238
1.70288 2240
1.7029 2241
1.70292 2244
1.70294 2245
1.70299 2248
1.70302 2249
1.70304 2252
1.70306 2253
1.71285 1779
1.7129 1923
1.71296 1944
1.71307 2255
1.71311 2256
1.71317 2259
1.71323 2261
1.7133 2272
1.71338 2278
1.71339 2280
1.71345 2289
1.71347 2290
1.7135 2291
1.71352 2295
1.71354 2296
1.71356 2304
1.71358 2306
1.71361 2308
1.71363 2312
1.71365 2314
1.71368 2316
1.7137 2318
1.71374 2323
1.71379 2326
1.71381 2328
1.71383 2331
1.71385 2332
1.71387 2334
1.7139 2337
1.71393 2338
1.71395 2341
1.71397 2343
1.72396 1779
1.72401 1923
1.72405 2002
1.72409 2010
1.72414 2016
1.72416 2022
1.72418 2026
1.7242 2027
1.72422 2028
1.72424 2029
1.72427 2030
1.72429 2034
1.72431 2344
1.72433 2345
1.72436 2346
1.72438 2348
1.72441 2352
1.72443 2355
1.72445 2358
1.72447 2359
1.72449 2361
1.72452 2364
1.72454 2366
1.72456 2369
1.72459 2371
1.72461 2373
1.72463 2374
1.72465 2375
1.72467 2376
1.72469 2379
1.72471 2380
1.72474 2382
1.72476 2383
1.72551 2384
1.72557 2385
1.72561 2390
1.72566 2392
1.72571 2393
1.72578 2398
1.72587 2401
1.72593 2402
1.72597 2403
1.72602 2404
1.72607 2405
1.72609 2406
1.72611 2408
1.72615 2411
1.72629 2414
1.72633 2416
1.72639 2418
1.73507 1966
1.73509 2002
1.73511 2008
1.73516 2010
1.73543 2011
1.73545 2015
1.73547 2016
1.73549 2020
1.73552 2026
1.73554 2027
1.73556 2029
1.73559 2034
1.73561 2422
1.7357 2423
1.73572 2424
1.73574 2425
1.73576 2428
1.73578 2434
1.73581 2436
1.73583 2447
1.73585 2454
1.73587 2457
1.7359 2459
1.73592 2461
1.73594 2462
1.73596 2463
1.73598 2465
1.736 2466
1.73602 2468
1.73605 2469
1.73606 2472
1.73609 2473
1.73613 2480
1.73615 2484
1.73617 2487
1.73621 2491
1.73623 2493
1.73626 2497
1.73628 2498
1.7363 2500
1.73633 2501
1.74618 2002
1.74626 2021
1.74632 2023
1.74637 2027
1.74639 2028
1.74641 2029
1.74644 2034
1.74646 2037
1.74649 2038
1.74651 2043
1.74653 2049
1.74655 2051
1.74657 2061
1.7466 2065
1.74664 2068
1.74668 2074
1.74671 2076
1.74673 2080
1.74675 2083
1.7468 2087
1.74682 2089
1.74684 2091
1.74686 2094
1.74689 2100
1.74691 2104
1.74694 2107
1.74696 2109
1.74698 2503
1.747 2508
1.74703 2511
1.74705 2513
1.74707 2520
1.74709 2524
1.74711 2525
1.74713 2526
1.74716 2528
1.74721 2531
1.74723 2532
1.74725 2535
1.74728 2537
1.74731 2538
1.74734 2540
1.74736 2541
1.75729 2003
1.75734 2012
1.75739 2015
1.75744 2020
1.75748 2021
1.7575 2023
1.75752 2037
1.75754 2040
1.75756 2046
1.75777 2051
1.75781 2057
1.75783 2065
1.7579 2073
1.75792 2074
1.75794 2078
1.75796 2083
1.75798 2089
1.75801 2091
1.75803 2100
1.75806 2104
1.75808 2105
1.7581 2106
1.75814 2110
1.75816 2113
1.75819 2114
1.75821 2115
1.75823 2116
1.75825 2120
1.75828 2123
1.7583 2127
1.75833 2129
1.75835 2139
1.75839 2145
1.75842 2149
1.75844 2152
1.75846 2154
1.75848 2156
1.75851 2164
1.75853 2176
1.75855 2190
1.75858 2191
1.7586 2198
1.75864 2207
1.75866 2208
1.75868 2546
1.75871 2547
1.75876 2549
1.75879 2552
1.7684 2003
1.76846 2012
1.76852 2049
1.7686 2051
1.76865 2054
1.7687 2073
1.76874 2074
1.76882 2078
1.7689 2079
1.769 2080
1.76907 2083
1.76912 2084
1.7692 2089
1.76924 2091
1.76928 2095
1.76947 2100
1.76952 2101
1.76954 2107
1.76956 2109
1.7696 2113
1.76965 2115
1.76968 2116
1.7697 2120
1.76972 2121
1.76979 2132
1.76981 2139
1.76984 2143
1.76986 2149
1.76991 2156
1.76993 2165
1.76995 2168
1.76997 2176
1.76999 2186
1.77002 2191
1.77004 2195
1.77008 2207
1.7701 2208
1.77013 2212
1.77016 2213
1.77019 2222
1.77021 2224
1.77023 2225
1.77025 2228
1.77028 2232
1.7703 2242
1.77032 2243
1.77034 2247
1.77036 2251
1.77038 2258
1.77043 2265
1.77045 2266
1.77047 2267
1.7705 2269
1.77052 2270
1.77054 2277
1.77056 2279
1.77058 2281
1.7706 2282
1.77063 2287
1.77065 2294
1.77952 2003
1.77957 2040
1.77962 2057
1.77973 2079
1.77978 2084
1.77982 2101
1.77986 2106
1.77992 2113
1.77997 2114
1.78002 2115
1.78006 2116
1.78011 2120
1.78015 2127
1.78021 2128
1.78023 2142
1.78025 2143
1.78027 2150
1.78029 2156
1.78031 2176
1.78033 2180
1.78036 2186
1.78039 2190
1.78042 2191
1.78044 2205
1.78047 2207
1.78049 2212
1.78051 2215
1.78053 2222
1.78055 2225
1.78058 2228
1.78063 2232
1.78065 2234
1.78068 2236
1.78071 2247
1.78073 2251
1.78076 2257
1.78078 2258
1.7808 2262
1.78083 2264
1.78086 2267
1.7809 2270
1.78092 2271
1.78095 2273
1.78097 2274
1.78102 2277
1.78104 2284
1.78106 2287
1.78108 2293
1.78117 2294
1.79063 2048
1.79068 2066
1.7907 2079
1.79072 2084
1.79074 2085
1.79076 2092
1.79078 2101
1.79081 2121
1.79086 2158
1.79088 2180
1.79091 2186
1.79093 2199
1.79095 2205
1.79098 2206
1.79101 2213
1.79103 2226
1.79105 2246
1.79107 2247
1.79109 2250
1.79112 2251
1.79116 2266
1.79122 2274
1.79124 2275
1.79127 2277
1.79132 2281
1.79134 2282
1.79136 2284
1.79139 2286
1.79144 2288
1.79146 2293
1.79149 2297
1.79151 2298
1.79153 2300
1.79155 2301
1.79157 2303
1.7916 2305
1.79162 2313
1.79164 2315
1.79166 2319
1.79168 2322
1.79172 2327
1.79174 2329
1.79176 2333
1.79183 2342
1.79187 2349
1.79189 2350
1.79191 2351
1.79193 2356
1.80174 2053
1.80178 2085
1.80183 2128
1.80189 2143
1.80191 2158
1.80198 2186
1.80201 2194
1.80204 2195
1.80209 2205
1.80211 2212
1.80213 2214
1.80243 2215
1.80249 2222
1.80255 2226
1.80262 2234
1.80269 2242
1.80275 2243
1.80282 2257
1.80283 2262
1.80285 2265
1.8029 2269
1.80293 2271
1.80295 2273
1.80297 2274
1.80299 2275
1.80301 2279
1.80303 2283
1.80306 2284
1.80308 2285
1.8031 2286
1.80313 2288
1.80315 2297
1.80317 2298
1.80319 2300
1.80321 2301
1.80323 2302
1.80325 2305
1.80328 2307
1.8033 2309
1.80332 2310
1.80334 2311
1.80336 2313
1.80338 2319
1.80341 2321
1.80343 2324
1.80422 2325
1.80424 2330
1.80426 2333
1.80439 2342
1.80447 2351
1.80452 2353
1.80456 2357
1.80458 2365
1.8046 2367
1.80463 2368
1.8047 2378
1.80472 2381
1.80474 2387
1.80478 2388
1.8048 2400
1.80482 2409
1.80484 2412
1.80487 2413
1.81285 2053
1.81294 2066
1.81299 2147
1.81301 2167
1.81304 2185
1.81306 2194
1.8131 2206
1.81312 2214
1.81314 2226
1.81323 2230
1.81328 2254
1.8133 2263
1.81332 2268
1.81334 2275
1.81337 2276
1.81342 2285
1.81344 2288
1.81346 2292
1.81348 2297
1.81351 2299
1.81353 2300
1.81358 2311
1.8136 2320
1.81362 2321
1.81366 2333
1.81368 2336
1.81371 2339
1.81373 2350
1.81377 2353
1.81379 2354
1.81381 2356
1.81383 2357
1.81387 2362
1.8139 2370
1.81392 2372
1.81394 2377
1.81396 2387
1.81399 2391
1.81401 2396
1.81404 2397
1.81406 2399
1.81408 2400
1.8141 2407
1.81413 2410
1.81416 2412
1.81418 2559
1.82396 2053
1.82401 2130
1.82405 2167
1.82411 2194
1.82415 2214
1.8242 2268
1.82425 2283
1.82429 2302
1.82434 2307
1.82442 2340
1.82447 2350
1.82452 2351
1.82457 2360
1.82463 2363
1.82467 2365
1.82477 2372
1.82481 2386
1.82483 2388
1.82485 2394
1.82487 2395
1.82489 2396
1.82491 2397
1.82494 2400
1.82498 2409
1.825 2565
1.82505 2567
1.82507 2568
1.8251 2571
1.82512 2573
1.82514 2574
1.82516 2576
1.82518 2579
1.8252 2580
1.82522 2582
1.82524 2585
1.82526 2591
1.82529 2593
1.83507 2130
1.83513 2185
1.83523 2230
1.83528 2239
1.83535 2260
1.83543 2276
1.83548 2299
1.8355 2317
1.83558 2320
1.83563 2339
1.83571 2340
1.83578 2357
1.83584 2362
1.83589 2365
1.83596 2367
1.83598 2368
1.836 2370
1.83602 2377
1.83604 2378
1.83606 2386
1.83639 2400
1.83645 2407
1.8365 2412
1.83655 2413
1.83659 2419
1.83664 2420
1.83675 2426
1.8368 2427
1.83689 2432
1.83695 2433
1.83703 2435
1.83711 2440
1.83716 2443
1.83721 2444
1.83727 2449
1.83731 2451
1.83738 2452
1.83742 2458
1.83746 2595
1.83748 2597
1.83751 2599
1.83753 2600
1.83755 2601
1.83757 2602
1.8376 2603
1.83762 2606
1.83765 2609
1.83767 2611
1.84618 2217
1.84624 2239
1.84631 2317
1.84636 2335
1.84638 2340
1.8464 2347
1.84642 2394
1.84645 2395
1.84647 2419
1.84651 2421
1.84653 2426
1.84655 2429
1.84658 2432
1.8466 2433
1.84662 2437
1.84665 2438
1.84668 2439
1.8467 2441
1.84672 2442
1.84674 2444
1.84677 2448
1.8468 2449
1.84683 2450
1.84685 2451
1.84687 2452
1.84689 2453
1.84691 2458
1.84694 2616
1.84697 2618
1.84699 2619
1.84701 2622
1.84704 2625
1.84706 2626
1.84708 2628
1.8471 2630
1.84713 2634
1.84716 2638
1.84718 2641
1.84721 2642
1.84723 2643
1.84725 2650
1.84727 2653
1.8473 2654
1.84733 2656
1.84736 2657
1.84741 2661
1.84744 2662
1.84745 2663
1.84748 2665
1.85729 2217
1.85731 2239
1.85733 2260
1.85735 2317
1.85738 2335
1.8574 2389
1.85742 2415
1.85744 2430
1.85746 2431
1.85749 2432
1.85751 2433
1.85754 2437
1.85756 2438
1.85758 2439
1.85761 2440
1.85763 2441
1.85765 2442
1.85827 2451
1.85836 2455
1.85844 2456
1.85848 2668
1.85853 2670
1.85859 2673
1.85869 2684
1.85874 2685
1.85882 2686
1.85884 2688
1.85886 2689
1.85898 2690
1.85902 2694
1.85904 2695
1.85914 2696
1.8592 2702
1.85924 2704
1.8593 2705
1.85936 2707
1.85943 2709
1.85948 2710
1.8595 2712
1.85952 2716
1.85954 2718
1.85956 2719
1.85958 2722
1.8596 2723
1.85962 2724
1.85964 2726
1.86843 2389
1.86848 2429
1.86853 2431
1.86859 2437
1.86863 2438
1.86869 2439
1.86873 2441
1.8688 2445
1.86889 2448
1.86894 2453
1.86896 2455
1.86898 2727
1.86901 2730
1.86908 2731
1.86911 2734
1.86913 2735
1.86915 2736
1.86917 2737
1.86919 2739
1.86923 2744
1.86925 2745
1.86928 2748
1.86931 2751
1.86933 2752
1.86935 2753
1.86937 2754
1.86942 2756
1.86944 2759
1.86947 2764
1.86949 2767
1.86953 2770
1.86956 2772
1.86958 2776
1.8696 2782
1.86964 2791
1.86966 2792
1.86968 2795
1.86973 2799
1.86975 2800
1.86978 2801
1.8698 2802
1.86982 2803
1.86985 2804
1.87952 2389
1.87967 2417
1.87974 2430
1.87979 2445
1.87984 2471
1.87986 2476
1.87988 2479
1.8799 2481
1.87992 2482
1.87995 2486
1.87997 2806
1.87999 2807
1.88002 2810
1.88004 2811
1.88006 2814
1.88008 2817
1.8801 2818
1.88012 2824
1.88014 2825
1.88016 2827
1.88019 2829
1.88023 2832
1.88025 2833
1.88028 2839
1.88031 2842
1.88033 2843
1.88035 2845
1.88037 2850
1.88039 2851
1.88181 2853
1.88188 2855
1.88195 2856
1.88201 2857
1.88206 2858
1.88215 2860
1.88219 2863
1.88221 2865
1.88223 2868
1.88225 2869
1.88242 2872
1.88244 2873
1.88246 2874
1.89063 2417
1.89068 2460
1.89073 2464
1.89075 2470
1.89077 2471
1.89094 2474
1.89095 2475
1.89098 2477
1.891 2482
1.89127 2483
1.89133 2486
1.89139 2880
1.89143 2881
1.8915 2885
1.89156 2886
1.89161 2887
1.89163 2888
1.89171 2889
1.89177 2893
1.89183 2894
1.89187 2898
1.89194 2904
1.89196 2905
1.89198 2906
1.892 2908
1.89202 2910
1.89205 2912
1.89207 2915
1.8921 2917
1.89212 2919
1.89217 2925
1.89219 2926
1.89222 2927
1.89223 2929
1.89226 2930
1.89229 2931
1.89234 2932
1.89237 2933
1.89239 2935
1.89322 2936
1.89323 2937
1.89326 2938
1.89328 2940
1.8933 2943
1.89343 2945
1.89348 2946
1.89353 2947
1.8936 2950
1.89365 2951
1.89371 2953
1.89376 2955
1.89382 2956
1.89386 2957
1.90174 2417
1.90176 2471
1.90178 2475
1.9018 2481
1.90182 2486
1.90184 2490
1.90187 2499
1.9019 2502
1.90193 2504
1.90195 2505
1.90197 2509
1.90199 2510
1.90201 2517
1.90204 2518
1.90207 2519
1.90209 2522
1.90213 2527
1.90215 2530
1.90223 2962
1.90227 2969
1.9023 2971
1.90232 2973
1.90235 2975
1.90237 2976
1.90239 2977
1.90241 2978
1.90245 2979
1.90247 2980
1.9025 2986
1.90252 2989
1.90254 2993
1.90256 2995
1.90259 2996
1.90261 2999
1.90263 3000
1.90268 3010
1.91285 2460
1.91294 2475
1.91303 2477
1.91308 2483
1.91313 2485
1.91318 2492
1.9132 2494
1.91328 2496
1.91329 2502
1.91332 2504
1.91334 2505
1.91361 2506
1.91368 2512
1.91376 2514
1.91381 2516
1.91387 2518
1.91392 2519
1.91394 2522
1.91403 2529
1.91405 2551
1.91407 2555
1.9141 2556
1.91412 2560
1.91415 2562
1.91417 2570
1.91419 2572
1.91422 2578
1.91424 2584
1.91426 2586
1.91428 2587
1.91431 2589
1.91434 2594
1.91436 2598
1.91438 2621
1.91505 3011
1.91507 3012
1.91509 3013
1.91522 3015
1.92396 2446
1.92402 2467
1.9241 2478
1.92412 2485
1.92418 2490
1.9242 2495
1.92422 2502
1.92424 2507
1.92426 2515
1.92429 2516
1.92431 2517
1.92433 2522
1.92436 2523
1.92438 2536
1.9244 2542
1.92442 2544
1.92447 2557
1.92449 2558
1.92452 2561
1.92455 2563
1.92458 2564
1.9246 2569
1.92463 2577
1.92469 2587
1.92471 2588
1.92473 2590
1.92477 2594
1.92481 2607
1.92484 2608
1.92486 2610
1.92494 2621
1.92496 2623
1.92498 2624
1.92503 2632
1.92505 2635
1.92507 2637
1.92511 2639
1.92513 2644
1.92515 2645
1.92518 2646
1.9252 2648
1.92523 2649
1.92528 2655
1.92531 2658
1.92533 2660
1.92535 2664
1.92537 2669
1.92539 2674
1.92542 2678
1.92544 2680
1.92546 2681
1.92548 2682
1.9255 2687
1.92552 2699
1.92554 2700
1.92559 2706
1.92561 2711
1.92563 2713
1.92565 2714
1.92567 2717
1.93507 2446
1.93511 2485
1.93516 2488
1.93525 2492
1.93531 2494
1.93537 2495
1.93542 2496
1.93544 2515
1.93555 2539
1.93559 2542
1.93564 2544
1.93568 2545
1.93574 2548
1.93583 2553
1.9359 2554
1.93599 2558
1.93609 2562
1.93614 2563
1.93621 2566
1.93626 2570
1.93628 2572
1.9363 2577
1.93639 2578
1.93645 2581
1.93649 2586
1.93651 2588
1.93659 2589
1.93666 2592
1.93671 2594
1.93677 2607
1.93679 2617
1.93681 2620
1.93683 2621
1.93685 2623
1.93687 2631
1.93689 2632
1.93691 2636
1.93693 2637
1.93695 2640
1.93699 2647
1.93701 2648
1.93707 2651
1.93709 2652
1.93711 2658
1.93713 2659
1.93715 2660
1.93717 2666
1.9372 2667
1.93722 2671
1.9373 2675
1.93732 2679
1.93734 2680
1.93736 2687
1.93738 2691
1.93741 2697
1.93743 2708
1.93745 2713
1.93747 2714
1.9375 2715
1.93753 2717
1.93757 2728
1.9376 2729
1.93762 2733
1.93764 2740
1.93766 2741
1.93768 2742
1.9377 2743
1.93774 2758
1.93777 2761
1.93778 2763
1.93781 2765
1.93788 2786
1.93792 2789
1.93795 2790
1.93798 2796
1.938 2805
1.94619 2495
1.94625 2523
1.9463 2539
1.94634 2542
1.94642 2550
1.94646 2554
1.94651 2557
1.94658 2558
1.94667 2563
1.94669 2564
1.94671 2566
1.94673 2569
1.94675 2575
1.94677 2577
1.94679 2581
1.94681 2583
1.94684 2604
1.94686 2605
1.94688 2607
1.9469 2608
1.94692 2613
1.94695 2614
1.94697 2617
1.947 2623
1.94788 2627
1.94794 2629
1.94796 2631
1.94807 2639
1.94814 2640
1.94819 2645
1.94827 2646
1.94831 2647
1.94835 2648
1.9484 2651
1.94842 2652
1.94844 2658
1.94847 2660
1.94849 2669
1.94852 2671
1.94854 2672
1.94856 2674
1.94858 2677
1.94861 2678
1.94863 2680
1.94869 2691
1.94872 2693
1.94875 2697
1.94877 2698
1.9488 2699
1.94882 2706
1.94885 2711
1.94886 2713
1.94888 2720
1.94891 2721
1.94893 2728
1.94896 2742
1.94898 2743
1.94901 2746
1.94904 2747
1.94907 2750
1.94909 2755
1.94913 2760
1.94916 2762
1.94918 2768
1.9492 2771
1.94922 2773
1.94924 2778
1.94929 2785
1.94931 2786
1.94933 2788
1.94936 2789
1.94938 2790
1.9494 2793
1.94942 2794
1.94944 2798
1.94946 2805
1.9495 2813
1.94951 2815
1.94953 2820
1.94956 2821
1.94958 2823
1.9496 2826
1.94963 2831
1.94965 2835
1.94967 2836
1.94969 2837
1.94971 2840
1.94975 2847
1.94978 2849
1.94981 2854
1.94983 2864
1.94985 2870
1.94987 2871
1.94989 2875
1.94991 2877
1.94994 2884
1.95731 2495
1.95736 2515
1.95745 2536
1.95749 2550
1.95757 2554
1.95763 2557
1.95768 2558
1.95776 2564
1.95783 2566
1.95788 2577
1.95799 2583
1.95809 2588
1.95813 2590
1.95819 2592
1.95823 2596
1.95829 2605
1.95839 2610
1.95843 2615
1.95872 2617
1.95877 2623
1.95882 2633
1.95884 2636
1.95886 2639
1.95888 2640
1.9589 2644
1.95903 2646
1.95905 2649
1.95908 2652
1.95911 2655
1.95914 2659
1.95916 2666
1.95918 2667
1.9592 2669
1.95922 2671
1.95924 2672
1.95932 2675
1.95936 2677
1.95938 2679
1.9594 2681
1.95944 2687
1.95949 2699
1.95951 2706
1.95953 2711
1.95955 2714
1.95957 2729
1.95959 2733
1.95962 2740
1.95964 2741
1.95968 2750
1.9597 2755
1.95972 2758
1.95974 2761
1.95978 2762
1.95981 2763
1.95983 2766
1.95986 2769
1.95988 2771
1.9599 2773
1.95992 2777
1.95995 2778
1.95997 2779
1.95999 2783
1.96001 2784
1.96003 2785
1.96007 2789
1.96009 2793
1.96011 2797
1.96013 2809
1.96015 2812
1.96017 2815
1.96019 2816
1.96021 2821
1.96023 2822
1.96025 2823
1.96028 2835
1.9603 2836
1.96032 2837
1.96034 2840
1.96036 2841
1.96038 2846
1.9604 2849
1.96043 2852
1.96046 2866
1.96048 2870
1.9605 2879
1.96052 2882
1.96055 2883
1.96057 2884
1.9684 2489
1.96847 2534
1.96855 2543
1.9686 2550
1.96864 2583
1.96869 2596
1.96873 2604
1.96879 2614
1.96883 2627
1.96889 2672
1.96893 2676
1.96899 2693
1.96903 2721
1.96909 2725
1.96915 2732
1.96922 2741
1.9693 2742
1.96937 2746
1.96939 2747
1.96951 2758
1.96955 2760
1.96957 2761
1.9696 2763
1.96962 2766
1.96964 2769
1.96967 2771
1.96969 2775
1.96971 2777
1.96973 2779
1.96976 2785
1.96978 2788
1.96985 2796
1.96987 2798
1.96989 2805
1.96991 2819
1.96994 2820
1.96997 2821
1.97 2826
1.97002 2830
1.97004 2831
1.97006 2834
1.97008 2840
1.9701 2846
1.97012 2848
1.97016 2859
1.97018 2862
1.9702 2864
1.97022 2875
1.97025 2876
1.97027 2878
1.97952 2521
1.97965 2533
1.97974 2534
1.97978 2543
1.97983 2596
1.97987 2615
1.97994 2683
1.98004 2703
1.98005 2720
1.98011 2725
1.98013 2738
1.98015 2746
1.98018 2749
1.9802 2755
1.98023 2757
1.98025 2760
1.98028 2766
1.9803 2768
1.98032 2775
1.98034 2781
1.98036 2783
1.98038 2784
1.9804 2794
1.98043 2797
1.98046 2798
1.98048 2808
1.9805 2809
1.98052 2819
1.98054 2822
1.98057 2826
1.98059 2828
1.98062 2830
1.98064 2834
1.98066 2836
1.98069 2837
1.98071 2840
1.98073 2844
1.98075 2847
1.98077 2848
1.98079 2849
1.98081 2852
1.98083 2861
1.98085 2862
1.98089 2870
1.98091 2871
1.98093 2875
1.98097 2879
1.98101 3018
1.99063 2612
1.99067 2692
1.99073 2732
1.99075 2749
1.99083 2766
1.99089 2769
1.99095 2774
1.99101 2779
1.99103 2780
1.99105 2781
1.99111 2808
1.99113 2809
1.99115 2816
1.99118 2822
1.9912 2834
1.99131 2838
1.99133 2841
1.99135 2846
1.99137 2852
1.99139 2859
1.99142 2876
1.99144 2882
1.99146 2883
1.99148 3020
1.99149 3025
1.99152 3026
1.99154 3034
1.99156 3036
1.99159 3038
1.99161 3042
1.99164 3045
1.99166 3049
1.99168 3052
1.99171 3053
1.99173 3054
1.99175 3057
1.99177 3064
