0th global swith address left: 10.1.1.1 right: 10.1.4.2
1th global swith address left: 10.1.2.1 right: 10.1.1.2
2th global swith address left: 10.1.3.1 right: 10.1.2.2
3th global swith address left: 10.1.4.1 right: 10.1.3.2
0th stream server address hub: 10.1.5.1 own: 10.1.5.2
1th stream server address hub: 10.1.6.1 own: 10.1.6.2
2th stream server address hub: 10.1.7.1 own: 10.1.7.2
balance server address hub: 10.1.8.1 own: 10.1.8.2
0th global user address hub: 10.1.9.1 own: 10.1.9.2
1th global user address hub: 10.1.10.1 own: 10.1.10.2
2th global user address hub: 10.1.11.1 own: 10.1.11.2
 csma address hub: 10.1.13.1
0th csma user address  own: 10.1.13.2
1th csma user address  own: 10.1.13.3
2th csma user address  own: 10.1.13.4
 wifi AP out Hub address hub: 10.1.12.1
 wifi AP out address hub: 10.1.12.2
 wifi AP address hub: 192.168.2.1
0th wifi user address  own: 192.168.2.2
1th wifi user address  own: 192.168.2.3
2th wifi user address  own: 192.168.2.4
1.68803 0
1.68804 1
1.68806 2
1.68808 4
1.68809 5
1.6881 6
1.68811 7
1.68812 8
1.68814 9
1.68815 10
1.68816 11
1.68817 12
1.68818 13
1.68819 14
1.6882 15
1.68821 16
1.68823 17
1.68824 18
1.68825 19
1.68826 20
1.68827 21
1.68828 22
1.68829 23
1.68831 24
1.68832 25
1.68833 26
1.68834 27
1.68835 28
1.68836 29
1.68837 30
1.68839 31
1.6884 32
1.68841 33
1.68842 34
1.68843 35
1.68844 36
1.68845 37
1.68846 38
1.68852 43
1.68853 44
1.68856 46
1.68857 47
1.68858 48
1.68859 49
1.68864 53
1.68865 54
1.68866 55
1.68867 56
1.68868 57
1.6887 59
1.68871 60
1.68873 61
1.68874 62
1.68875 63
1.68876 64
1.68877 65
1.68878 66
1.68879 67
1.68882 69
1.68883 70
1.68884 71
1.68885 72
1.68886 73
1.68887 74
1.68889 75
1.6889 76
1.68891 77
1.68894 80
1.68895 81
1.68899 84
1.689 85
1.68901 86
1.68902 87
1.68903 88
1.68904 89
1.68906 90
1.68907 91
1.68908 92
1.68909 93
1.6891 94
1.68911 95
1.68912 96
1.68913 97
1.68916 99
1.69914 100
1.69916 101
1.69917 102
1.69918 103
1.69919 104
1.69921 106
1.69922 107
1.69924 108
1.69925 109
1.69926 110
1.69927 111
1.69929 113
1.6993 114
1.69931 115
1.69933 116
1.69934 117
1.69935 118
1.69936 119
1.69937 120
1.69938 121
1.69939 122
1.69941 123
1.69942 124
1.69943 125
1.69944 126
1.69945 127
1.69946 128
1.69947 129
1.69948 130
1.6995 131
1.69951 132
1.69952 133
1.69953 134
1.69954 135
1.69955 136
1.69956 137
1.69958 138
1.69959 139
1.6996 140
1.69961 141
1.69962 142
1.69963 143
1.69964 144
1.69966 145
1.69968 147
1.69969 148
1.6997 149
1.69971 150
1.69973 152
1.69975 153
1.69976 154
1.69977 155
1.69978 156
1.69979 157
1.6998 158
1.69981 159
1.69983 160
1.69984 161
1.69985 162
1.69986 163
1.69987 164
1.69988 165
1.69989 166
1.69991 167
1.69993 169
1.69994 170
1.69995 171
1.69997 173
1.69998 174
1.7 175
1.70001 176
1.70002 177
1.70003 178
1.70004 179
1.70005 180
1.70006 181
1.70008 182
1.70009 183
1.7001 184
1.70011 185
1.70012 186
1.70013 187
1.70014 188
1.70016 189
1.70017 190
1.70018 191
1.70019 192
1.7002 193
1.70021 194
1.70022 195
1.70023 196
1.70025 197
1.70026 198
1.70027 199
1.71026 200
1.71028 202
1.71029 203
1.7103 204
1.71031 205
1.71032 206
1.71033 207
1.71035 208
1.71036 209
1.71037 210
1.71039 212
1.7104 213
1.71041 214
1.71043 215
1.71044 216
1.71045 217
1.71046 218
1.71047 219
1.71048 220
1.71049 221
1.71051 222
1.71052 223
1.71053 224
1.71054 225
1.71055 226
1.71056 227
1.71057 228
1.71058 229
1.7106 230
1.71061 231
1.71062 232
1.71065 235
1.71066 236
1.71068 237
1.7107 239
1.71071 240
1.71072 241
1.71073 242
1.71074 243
1.71076 244
1.71077 245
1.71078 246
1.7108 248
1.71081 249
1.71082 250
1.71083 251
1.71085 252
1.71089 256
1.7109 257
1.71091 258
1.71093 259
1.71094 260
1.71096 262
1.71098 264
1.71101 266
1.71102 267
1.71103 268
1.71104 269
1.71105 270
1.71106 271
1.71107 272
1.71108 273
1.7111 274
1.71111 275
1.71112 276
1.71113 277
1.71114 278
1.71115 279
1.71116 280
1.71118 281
1.71119 282
1.7112 283
1.71121 284
1.71122 285
1.71123 286
1.71124 287
1.71125 288
1.71127 289
1.71128 290
1.71129 291
1.71131 293
1.71132 294
1.71133 295
1.71135 296
1.71136 297
1.71137 298
1.71138 299
1.72137 300
1.72138 301
1.72139 302
1.7214 303
1.72141 304
1.72142 305
1.72143 306
1.72145 307
1.72146 308
1.72148 310
1.72149 311
1.7215 312
1.72151 313
1.72153 314
1.72154 315
1.72155 316
1.72158 319
1.72159 320
1.7216 321
1.72162 322
1.72163 323
1.72164 324
1.72165 325
1.72166 326
1.72167 327
1.7217 329
1.72171 330
1.72173 332
1.72174 333
1.72175 334
1.72176 335
1.72178 336
1.72179 337
1.7218 338
1.72181 339
1.72182 340
1.72183 341
1.72184 342
1.72185 343
1.72187 344
1.72188 345
1.72189 346
1.7219 347
1.72191 348
1.72192 349
1.72193 350
1.72195 351
1.72196 352
1.72197 353
1.72198 354
1.72199 355
1.722 356
1.72201 357
1.72203 358
1.72205 360
1.72206 361
1.72207 362
1.72208 363
1.72209 364
1.7221 365
1.72212 366
1.72213 367
1.72215 369
1.72216 370
1.72217 371
1.7222 373
1.72222 375
1.72223 376
1.72224 377
1.72225 378
1.72226 379
1.72229 381
1.7223 382
1.72231 383
1.72232 384
1.72233 385
1.72234 386
1.72235 387
1.72237 388
1.72239 390
1.7224 391
1.72242 393
1.72243 394
1.72245 395
1.72246 396
1.72247 397
1.72248 398
1.72249 399
1.73248 400
1.73249 401
1.7325 402
1.73251 403
1.73252 404
1.73253 405
1.73255 406
1.73256 407
1.73257 408
1.73258 409
1.73259 410
1.7326 411
1.73261 412
1.73263 413
1.73264 414
1.73266 416
1.73267 417
1.73268 418
1.73269 419
1.7327 420
1.73272 421
1.73273 422
1.73274 423
1.73276 425
1.73277 426
1.73278 427
1.7328 428
1.73281 429
1.73282 430
1.73283 431
1.73284 432
1.73285 433
1.73286 434
1.73288 435
1.73289 436
1.73291 438
1.73292 439
1.73293 440
1.73294 441
1.73295 442
1.73298 444
1.73299 445
1.73301 447
1.73302 448
1.73303 449
1.73305 450
1.73306 451
1.73307 452
1.73308 453
1.73309 454
1.7331 455
1.73311 456
1.73312 457
1.73314 458
1.73316 460
1.73317 461
1.73318 462
1.73319 463
1.7332 464
1.73322 465
1.73323 466
1.73324 467
1.73325 468
1.73326 469
1.73327 470
1.73328 471
1.7333 472
1.73331 473
1.73332 474
1.73333 475
1.73334 476
1.73335 477
1.73336 478
1.73337 479
1.7334 481
1.73341 482
1.73342 483
1.73343 484
1.73344 485
1.73345 486
1.73347 487
1.73348 488
1.73349 489
1.7335 490
1.73351 491
1.73352 492
1.73353 493
1.73355 494
1.73356 495
1.73357 496
1.73358 497
1.7336 499
1.74359 500
1.7436 501
1.74361 502
1.74362 503
1.74365 505
1.74366 506
1.74367 507
1.74368 508
1.74369 509
1.7437 510
1.74371 511
1.74372 512
1.74374 513
1.74375 514
1.74376 515
1.74377 516
1.74378 517
1.74379 518
1.7438 519
1.74383 521
1.74385 523
1.74386 524
1.74387 525
1.74388 526
1.7439 527
1.74391 528
1.74392 529
1.74394 531
1.74396 533
1.74397 534
1.74399 535
1.74401 537
1.74402 538
1.74403 539
1.74404 540
1.74407 542
1.74408 543
1.74409 544
1.7441 545
1.74411 546
1.74412 547
1.74413 548
1.74415 549
1.74416 550
1.74417 551
1.74418 552
1.74419 553
1.7442 554
1.74421 555
1.74422 556
1.74424 557
1.74425 558
1.74426 559
1.74427 560
1.74428 561
1.74429 562
1.7443 563
1.74432 564
1.74433 565
1.74434 566
1.74435 567
1.74436 568
1.74437 569
1.74438 570
1.7444 571
1.74441 572
1.74443 574
1.74444 575
1.74446 577
1.74447 578
1.74449 579
1.7445 580
1.74451 581
1.74452 582
1.74453 583
1.74454 584
1.74455 585
1.74457 586
1.74459 588
1.7446 589
1.74461 590
1.74463 592
1.74465 593
1.74466 594
1.74467 595
1.74469 597
1.7447 598
1.74471 599
1.7547 600
1.75471 601
1.75472 602
1.75473 603
1.75475 604
1.75477 606
1.75479 608
1.75481 610
1.75482 611
1.75484 612
1.75485 613
1.75486 614
1.75487 615
1.75488 616
1.75489 617
1.75492 619
1.75493 620
1.75494 621
1.75495 622
1.75496 623
1.75497 624
1.75498 625
1.755 626
1.75501 627
1.75502 628
1.75505 631
1.75506 632
1.75507 633
1.75509 634
1.7551 635
1.75512 637
1.75513 638
1.75514 639
1.75515 640
1.75517 641
1.75518 642
1.75519 643
1.7552 644
1.75521 645
1.75522 646
1.75523 647
1.75524 648
1.75526 649
1.75527 650
1.75528 651
1.75529 652
1.7553 653
1.75531 654
1.75532 655
1.75534 656
1.75535 657
1.75537 659
1.75538 660
1.75539 661
1.75542 663
1.75543 664
1.75544 665
1.75545 666
1.75546 667
1.75548 669
1.75549 670
1.75552 672
1.75554 674
1.75555 675
1.75556 676
1.75557 677
1.75559 678
1.7556 679
1.75562 681
1.75563 682
1.75564 683
1.75565 684
1.75567 685
1.75568 686
1.75569 687
1.75571 689
1.75572 690
1.75574 692
1.75576 693
1.75577 694
1.75578 695
1.75579 696
1.7558 697
1.75581 698
1.75582 699
1.76581 700
1.76582 701
1.76583 702
1.76584 703
1.76586 704
1.76587 705
1.76588 706
1.76589 707
1.7659 708
1.76591 709
1.76592 710
1.76594 711
1.76596 713
1.76597 714
1.76598 715
1.76599 716
1.766 717
1.76602 718
1.76603 719
1.76604 720
1.76605 721
1.76606 722
1.76607 723
1.76608 724
1.76609 725
1.76611 726
1.76612 727
1.76613 728
1.76614 729
1.76615 730
1.76616 731
1.76617 732
1.76619 733
1.7662 734
1.76622 736
1.76624 738
1.76625 739
1.76627 740
1.76628 741
1.76629 742
1.7663 743
1.76631 744
1.76632 745
1.76633 746
1.76634 747
1.76636 748
1.76637 749
1.76638 750
1.76639 751
1.7664 752
1.76641 753
1.76642 754
1.76644 755
1.76645 756
1.76646 757
1.76647 758
1.76648 759
1.76649 760
1.7665 761
1.76652 762
1.76653 763
1.76654 764
1.76655 765
1.76656 766
1.76657 767
1.76658 768
1.76659 769
1.76661 770
1.76663 772
1.76664 773
1.76665 774
1.76666 775
1.76667 776
1.76669 777
1.7667 778
1.76671 779
1.76672 780
1.76673 781
1.76675 783
1.76677 784
1.76678 785
1.76679 786
1.7668 787
1.76681 788
1.76682 789
1.76683 790
1.76684 791
1.76686 792
1.76687 793
1.76688 794
1.76689 795
1.7669 796
1.76691 797
1.76692 798
1.76694 799
1.77692 800
1.77693 801
1.77696 803
1.77697 804
1.77698 805
1.77699 806
1.777 807
1.77701 808
1.77704 810
1.77705 811
1.77706 812
1.77707 813
1.77708 814
1.77709 815
1.7771 816
1.77712 817
1.77713 818
1.77714 819
1.77715 820
1.77716 821
1.77717 822
1.77718 823
1.77719 824
1.77721 825
1.77722 826
1.77723 827
1.77724 828
1.77725 829
1.77727 831
1.77729 832
1.7773 833
1.77731 834
1.77732 835
1.77733 836
1.77734 837
1.77735 838
1.77736 839
1.77738 840
1.77739 841
1.7774 842
1.77741 843
1.77742 844
1.77743 845
1.77744 846
1.77746 847
1.77747 848
1.77748 849
1.7775 851
1.77751 852
1.77752 853
1.77754 854
1.77755 855
1.77756 856
1.77757 857
1.77758 858
1.77759 859
1.7776 860
1.77761 861
1.77763 862
1.77764 863
1.77765 864
1.77766 865
1.77767 866
1.77768 867
1.77769 868
1.77772 870
1.77773 871
1.77775 873
1.77776 874
1.77777 875
1.77779 876
1.77781 878
1.77782 879
1.77783 880
1.77784 881
1.77785 882
1.77786 883
1.77788 884
1.77789 885
1.7779 886
1.77792 888
1.77793 889
1.77796 891
1.77797 892
1.77798 893
1.77799 894
1.77801 896
1.77805 899
1.78804 901
1.78806 902
1.78807 903
1.78808 904
1.78809 905
1.78811 907
1.78812 908
1.78814 909
1.78815 910
1.78816 911
1.78817 912
1.78818 913
1.78819 914
1.7882 915
1.78823 917
1.78824 918
1.78825 919
1.78827 921
1.78828 922
1.78829 923
1.78831 924
1.78832 925
1.78833 926
1.78834 927
1.78837 930
1.78839 931
1.7884 932
1.78842 934
1.78843 935
1.78844 936
1.78845 937
1.78846 938
1.78849 940
1.78851 942
1.78852 943
1.78853 944
1.78854 945
1.78857 947
1.78858 948
1.78859 949
1.7886 950
1.78861 951
1.78862 952
1.78864 953
1.78865 954
1.78866 955
1.78868 957
1.78869 958
1.7887 959
1.78871 960
1.78874 962
1.78875 963
1.78876 964
1.78877 965
1.78878 966
1.78879 967
1.78881 968
1.78882 969
1.78883 970
1.78884 971
1.78885 972
1.78887 974
1.78889 975
1.7889 976
1.78891 977
1.78892 978
1.78893 979
1.78894 980
1.78895 981
1.78896 982
1.78899 984
1.789 985
1.78901 986
1.78902 987
1.78903 988
1.78904 989
1.78906 990
1.78907 991
1.78908 992
1.78909 993
1.7891 994
1.78911 995
1.78913 997
1.78915 998
1.78916 999
1.79914 1000
1.79916 1001
1.79917 1002
1.79918 1003
1.79919 1004
1.7992 1005
1.79921 1006
1.79922 1007
1.79924 1008
1.79925 1009
1.79926 1010
1.79927 1011
1.79928 1012
1.79929 1013
1.7993 1014
1.79931 1015
1.79933 1016
1.79934 1017
1.79935 1018
1.79936 1019
1.79938 1021
1.79939 1022
1.79941 1023
1.79943 1025
1.79944 1026
1.79945 1027
1.79946 1028
1.79948 1030
1.7995 1031
1.79951 1032
1.79952 1033
1.79953 1034
1.79954 1035
1.79955 1036
1.79956 1037
1.79958 1038
1.79959 1039
1.79961 1041
1.79962 1042
1.79963 1043
1.79964 1044
1.79966 1045
1.79967 1046
1.79968 1047
1.79969 1048
1.7997 1049
1.79971 1050
1.79972 1051
1.79973 1052
1.79975 1053
1.79976 1054
1.79977 1055
1.79978 1056
1.79979 1057
1.79981 1059
1.79983 1060
1.79984 1061
1.79985 1062
1.79986 1063
1.79987 1064
1.79989 1066
1.79991 1067
1.79992 1068
1.79993 1069
1.79994 1070
1.79996 1072
1.79997 1073
1.79998 1074
1.8 1075
1.80001 1076
1.80002 1077
1.80003 1078
1.80004 1079
1.80005 1080
1.80006 1081
1.80009 1083
1.8001 1084
1.80011 1085
1.80012 1086
1.80013 1087
1.80014 1088
1.80016 1089
1.80017 1090
1.80018 1091
1.80019 1092
1.8002 1093
1.80021 1094
1.80022 1095
1.80023 1096
1.80025 1097
1.80026 1098
1.80027 1099
1.81026 1100
1.81027 1101
1.81028 1102
1.81029 1103
1.8103 1104
1.81031 1105
1.81032 1106
1.81033 1107
1.81035 1108
1.81036 1109
1.81037 1110
1.81038 1111
1.81039 1112
1.8104 1113
1.81041 1114
1.81043 1115
1.81045 1117
1.81046 1118
1.81047 1119
1.81048 1120
1.81049 1121
1.81051 1122
1.81052 1123
1.81053 1124
1.81054 1125
1.81055 1126
1.81056 1127
1.81058 1129
1.8106 1130
1.81061 1131
1.81062 1132
1.81063 1133
1.81064 1134
1.81065 1135
1.81066 1136
1.81068 1137
1.81069 1138
1.8107 1139
1.81071 1140
1.81072 1141
1.81073 1142
1.81076 1144
1.81077 1145
1.81078 1146
1.81079 1147
1.8108 1148
1.81081 1149
1.81082 1150
1.81083 1151
1.81085 1152
1.81086 1153
1.81087 1154
1.81088 1155
1.81089 1156
1.8109 1157
1.81093 1159
1.81094 1160
1.81095 1161
1.81096 1162
1.81097 1163
1.81098 1164
1.81099 1165
1.81101 1166
1.81102 1167
1.81103 1168
1.81104 1169
1.81105 1170
1.81106 1171
1.81107 1172
1.8111 1174
1.81111 1175
1.81112 1176
1.81113 1177
1.81115 1179
1.81118 1181
1.81119 1182
1.8112 1183
1.81121 1184
1.81122 1185
1.81125 1188
1.81128 1190
1.81129 1191
1.8113 1192
1.81131 1193
1.81132 1194
1.81133 1195
1.81135 1196
1.81136 1197
1.81137 1198
1.81138 1199
1.82139 1202
1.8214 1203
1.82141 1204
1.82142 1205
1.82143 1206
1.82145 1207
1.82146 1208
1.82147 1209
1.82148 1210
1.82149 1211
1.8215 1212
1.82151 1213
1.82153 1214
1.82154 1215
1.82155 1216
1.82157 1218
1.82158 1219
1.82159 1220
1.82163 1223
1.82164 1224
1.82165 1225
1.82166 1226
1.82167 1227
1.82168 1228
1.8217 1229
1.82171 1230
1.82172 1231
1.82173 1232
1.82174 1233
1.82175 1234
1.82176 1235
1.82178 1236
1.82179 1237
1.8218 1238
1.82181 1239
1.82182 1240
1.82184 1242
1.82185 1243
1.82187 1244
1.82188 1245
1.82189 1246
1.8219 1247
1.82191 1248
1.82192 1249
1.82195 1251
1.82196 1252
1.82197 1253
1.82198 1254
1.82199 1255
1.822 1256
1.82201 1257
1.82203 1258
1.82206 1261
1.82207 1262
1.82208 1263
1.82209 1264
1.8221 1265
1.82212 1266
1.82213 1267
1.82214 1268
1.82215 1269
1.82217 1271
1.82218 1272
1.8222 1273
1.82221 1274
1.82222 1275
1.82224 1277
1.82225 1278
1.82226 1279
1.82228 1280
1.82229 1281
1.8223 1282
1.82231 1283
1.82235 1287
1.82237 1288
1.82238 1289
1.8224 1291
1.82241 1292
1.82242 1293
1.82243 1294
1.82245 1295
1.82246 1296
1.82247 1297
1.82249 1299
1.83248 1300
1.83249 1301
1.8325 1302
1.83251 1303
1.83252 1304
1.83253 1305
1.83255 1306
1.83256 1307
1.83257 1308
1.83258 1309
1.83259 1310
1.8326 1311
1.83261 1312
1.83264 1314
1.83265 1315
1.83266 1316
1.83267 1317
1.83268 1318
1.83269 1319
1.8327 1320
1.83272 1321
1.83273 1322
1.83274 1323
1.83275 1324
1.83276 1325
1.83277 1326
1.83278 1327
1.8328 1328
1.83281 1329
1.83282 1330
1.83283 1331
1.83284 1332
1.83285 1333
1.83286 1334
1.83288 1335
1.83289 1336
1.8329 1337
1.83292 1339
1.83293 1340
1.83294 1341
1.83295 1342
1.83297 1343
1.83298 1344
1.83299 1345
1.833 1346
1.83301 1347
1.83302 1348
1.83303 1349
1.83305 1350
1.83306 1351
1.83307 1352
1.83308 1353
1.83309 1354
1.8331 1355
1.83312 1357
1.83314 1358
1.83315 1359
1.83316 1360
1.83317 1361
1.83318 1362
1.83319 1363
1.8332 1364
1.83322 1365
1.83323 1366
1.83324 1367
1.83325 1368
1.83326 1369
1.83328 1371
1.8333 1372
1.83331 1373
1.83332 1374
1.83333 1375
1.83334 1376
1.83335 1377
1.83336 1378
1.83337 1379
1.83339 1380
1.8334 1381
1.83341 1382
1.83342 1383
1.83343 1384
1.83344 1385
1.83345 1386
1.83347 1387
1.83348 1388
1.83349 1389
1.8335 1390
1.83351 1391
1.83352 1392
1.83353 1393
1.83355 1394
1.83356 1395
1.83357 1396
1.83358 1397
1.83359 1398
1.8336 1399
1.84359 0
1.84361 2
1.84362 3
1.84363 5
1.84365 6
1.84366 7
1.84367 9
1.84368 10
1.84369 11
1.8437 12
1.84371 13
1.84372 14
1.84374 15
1.84375 17
1.84376 18
1.84378 21
1.84379 22
1.8438 23
1.84382 24
1.84383 26
1.84384 28
1.84385 29
1.84386 30
1.84387 32
1.84388 33
1.8439 34
1.84391 35
1.84392 36
1.84393 38
1.84394 39
1.84395 40
1.84396 41
1.84397 42
1.84399 43
1.844 44
1.84401 45
1.84402 46
1.84403 48
1.84404 49
1.84405 50
1.84407 51
1.84408 52
1.84409 53
1.8441 54
1.84411 56
1.84412 58
1.84413 59
1.84415 60
1.84416 61
1.84417 62
1.84418 63
1.84419 64
1.8442 65
1.84421 66
1.84422 68
1.84424 69
1.84427 74
1.84428 75
1.84429 76
1.8443 77
1.84432 78
1.84433 79
1.84435 81
1.84436 82
1.84437 83
1.84438 84
1.8444 86
1.84441 87
1.84442 88
1.84444 90
1.84445 91
1.84446 92
1.84449 95
1.8445 96
1.84451 97
1.84452 98
1.84453 99
1.84454 1400
1.84455 1401
1.84457 1402
1.84458 1403
1.84459 1404
1.8446 1405
1.84461 1406
1.84462 1407
1.84463 1408
1.84466 1410
1.84467 1411
1.84468 1412
1.84469 1413
1.8447 1414
1.84471 1415
1.85471 1
1.85472 2
1.85473 3
1.85476 6
1.85478 9
1.85479 10
1.8548 11
1.85484 14
1.85485 15
1.85486 17
1.85487 18
1.85488 19
1.85489 21
1.8549 22
1.85492 23
1.85493 24
1.85494 26
1.85495 28
1.85496 29
1.85497 30
1.85498 32
1.855 33
1.85501 34
1.85502 35
1.85503 36
1.85504 38
1.85505 39
1.85506 40
1.85509 42
1.8551 43
1.85511 44
1.85512 45
1.85513 46
1.85515 49
1.85517 50
1.85518 51
1.85519 52
1.8552 53
1.85521 54
1.85522 56
1.85523 58
1.85524 59
1.85526 60
1.85527 61
1.85528 62
1.85529 63
1.85531 65
1.85532 66
1.85534 68
1.85535 69
1.85536 72
1.85537 73
1.85538 74
1.85539 75
1.8554 76
1.85542 77
1.85543 78
1.85544 79
1.85545 80
1.85546 81
1.85547 82
1.85548 83
1.85549 84
1.85551 86
1.85552 87
1.85553 88
1.85554 89
1.85555 90
1.85556 91
1.85557 92
1.8556 95
1.85561 96
1.85562 97
1.85563 98
1.85565 102
1.85567 103
1.85568 104
1.85569 105
1.8557 106
1.85571 107
1.85572 108
1.85573 109
1.85574 110
1.85576 111
1.85577 112
1.85578 113
1.85579 114
1.8558 115
1.85581 116
1.85582 117
1.85584 118
1.85585 119
1.85586 120
1.85588 122
1.85589 123
1.8559 124
1.85592 125
1.85593 126
1.85594 127
1.85595 128
1.85596 129
1.85597 131
1.85598 133
1.85599 134
1.85601 135
1.85602 137
1.85603 138
1.85604 139
1.85605 140
1.85607 143
1.85609 144
1.8561 145
1.85611 146
1.85612 147
1.85614 151
1.85615 152
1.85617 154
1.85618 155
1.85619 160
1.8562 161
1.85621 162
1.85622 164
1.85623 166
1.85624 167
1.85626 168
1.85627 169
1.85628 171
1.85629 172
1.8563 173
1.85631 174
1.85632 175
1.85634 176
1.85635 177
1.85636 178
1.85637 181
1.85638 182
1.85639 184
1.8564 185
1.85642 187
1.85643 188
1.85644 189
1.85645 190
1.85646 191
1.85647 192
1.85648 193
1.85649 194
1.85651 196
1.85652 197
1.85654 199
1.86582 1
1.86583 2
1.86584 3
1.86586 5
1.86587 6
1.86588 7
1.86589 9
1.8659 10
1.86591 11
1.86592 12
1.86594 13
1.86595 14
1.86596 15
1.86597 17
1.86598 18
1.86599 19
1.866 21
1.86602 22
1.86603 23
1.86604 24
1.86605 26
1.86606 28
1.86607 29
1.86608 30
1.86609 32
1.86611 33
1.86612 34
1.86613 35
1.86616 39
1.86617 40
1.8662 42
1.86621 43
1.86622 44
1.86623 45
1.86624 46
1.86625 48
1.86627 49
1.86629 51
1.86632 54
1.86633 56
1.86634 58
1.86636 59
1.86638 61
1.86639 62
1.8664 63
1.86644 66
1.86645 68
1.86646 69
1.86647 72
1.86648 73
1.86649 74
1.8665 75
1.86652 76
1.86653 77
1.86654 78
1.86655 79
1.86656 80
1.86657 81
1.86658 82
1.86659 83
1.86661 84
1.86662 86
1.86663 87
1.86664 88
1.86665 89
1.86666 90
1.86667 91
1.86669 92
1.8667 93
1.86671 95
1.86672 96
1.86674 98
1.86675 99
1.86677 102
1.86678 103
1.86679 104
1.8668 105
1.86681 106
1.86682 107
1.86683 108
1.86684 109
1.86686 110
1.86687 111
1.86688 112
1.86689 113
1.8669 114
1.86691 115
1.86692 116
1.86694 117
1.86695 118
1.86696 119
1.86697 120
1.86699 122
1.867 123
1.86701 124
1.86703 125
1.86704 126
1.86705 127
1.86707 129
1.86708 131
1.86709 133
1.86712 135
1.86713 137
1.86715 139
1.86716 140
1.86717 142
1.86719 143
1.8672 144
1.86721 145
1.86722 146
1.86723 147
1.86724 149
1.86725 151
1.86728 154
1.86729 155
1.8673 160
1.86732 162
1.86733 164
1.86734 166
1.86736 167
1.86737 168
1.86738 169
1.86739 171
1.8674 172
1.86741 173
1.86742 174
1.86744 175
1.86745 176
1.86746 177
1.86748 181
1.86749 182
1.8675 184
1.86751 185
1.86753 187
1.86754 188
1.86755 189
1.86756 190
1.86758 192
1.86759 193
1.86761 194
1.86762 196
1.86764 198
1.86766 200
1.86767 201
1.86769 202
1.8677 203
1.86771 204
1.86772 207
1.86773 208
1.86774 209
1.86775 210
1.86776 211
1.86778 212
1.86779 213
1.8678 214
1.86781 216
1.86782 217
1.86783 218
1.86784 219
1.86786 220
1.86787 221
1.86788 222
1.86789 223
1.8679 224
1.86791 225
1.86792 226
1.86795 228
1.86796 230
1.86797 231
1.86798 232
1.86799 233
1.868 234
1.86801 235
1.86804 238
1.86805 239
1.86806 240
1.86807 241
1.86808 242
1.86809 244
1.86811 245
1.86812 246
1.86813 247
1.86815 249
1.86816 251
1.86817 253
1.86819 254
1.8682 255
1.86821 256
1.86822 257
1.86823 258
1.86824 259
1.86825 260
1.86826 261
1.86828 262
1.86829 263
1.8683 264
1.86831 265
1.86832 266
1.86833 267
1.86834 268
1.86836 269
1.86837 270
1.86838 272
1.86839 274
1.86843 279
1.86845 280
1.86847 282
1.86848 283
1.86849 284
1.8685 286
1.86851 287
1.86854 290
1.86855 291
1.86856 292
1.86857 295
1.86858 298
1.86859 299
1.87692 0
1.87693 1
1.87694 2
1.87696 3
1.87697 5
1.87698 6
1.87699 7
1.877 9
1.87701 10
1.87702 11
1.87707 15
1.87708 17
1.87709 18
1.8771 19
1.87712 21
1.87713 22
1.87714 23
1.87715 24
1.87716 26
1.87717 28
1.87718 29
1.87719 30
1.87721 32
1.87722 33
1.87723 34
1.87724 35
1.87726 38
1.87727 39
1.87729 40
1.8773 41
1.87731 42
1.87732 43
1.87733 44
1.87734 45
1.87735 46
1.87736 48
1.87738 49
1.87739 50
1.8774 51
1.87741 52
1.87742 53
1.87743 54
1.87744 56
1.87746 58
1.87747 59
1.87748 60
1.87749 61
1.87751 63
1.87752 64
1.87754 65
1.87755 66
1.87759 73
1.8776 74
1.87761 75
1.87764 77
1.87765 78
1.87766 79
1.87767 80
1.87768 81
1.87769 82
1.87771 83
1.87772 84
1.87773 86
1.87774 87
1.87775 88
1.87777 90
1.87779 91
1.8778 92
1.87781 93
1.87783 96
1.87784 97
1.87785 98
1.87786 99
1.87788 102
1.87789 103
1.8779 104
1.87791 105
1.87792 106
1.87793 107
1.87794 108
1.87796 109
1.87797 110
1.87799 112
1.878 113
1.87801 114
1.87802 115
1.87804 116
1.87805 117
1.87806 118
1.87807 119
1.87808 120
1.87809 121
1.8781 122
1.87811 123
1.87813 124
1.87814 125
1.87815 126
1.87816 127
1.87817 128
1.87818 129
1.87819 131
1.87821 133
1.87822 134
1.87823 135
1.87824 137
1.87826 139
1.87827 140
1.87829 142
1.8783 143
1.87832 145
1.87833 146
1.87834 147
1.87836 151
1.87838 152
1.87839 154
1.8784 155
1.87842 161
1.87843 162
1.87844 164
1.87846 166
1.87847 167
1.87848 168
1.87849 169
1.8785 171
1.87851 172
1.87852 173
1.87854 174
1.87855 175
1.87856 176
1.87857 177
1.87858 178
1.87859 181
1.87863 185
1.87864 187
1.87865 188
1.87868 191
1.87869 192
1.87872 194
1.87873 196
1.87874 197
1.87875 198
1.87876 199
1.87877 200
1.87878 201
1.8788 202
1.87881 203
1.87882 204
1.87883 207
1.87884 208
1.87885 209
1.87886 210
1.87888 211
1.87889 212
1.8789 213
1.87891 214
1.87892 216
1.87893 217
1.87894 218
1.87896 219
1.87897 220
1.87899 222
1.879 223
1.87901 224
1.87902 225
1.87903 226
1.87905 227
1.87906 228
1.87907 230
1.87908 231
1.87909 232
1.8791 233
1.87913 235
1.87914 236
1.87915 238
1.87916 239
1.87917 240
1.87918 241
1.87919 242
1.87921 244
1.87923 246
1.87924 247
1.87925 248
1.87926 249
1.87927 251
1.87928 253
1.8793 254
1.87931 255
1.87932 256
1.87933 257
1.87935 259
1.87936 260
1.87938 261
1.87939 262
1.8794 263
1.87941 264
1.87942 265
1.87943 266
1.87944 267
1.87947 269
1.87948 270
1.87949 272
1.8795 274
1.87951 275
1.87953 277
1.87955 279
1.87956 280
1.87957 281
1.87958 282
1.87959 283
1.8796 284
1.87961 286
1.87963 287
1.87964 289
1.87965 290
1.87966 291
1.87967 292
1.87968 295
1.87969 298
1.87971 299
1.87972 300
1.87973 301
1.87974 302
1.87975 303
1.87976 305
1.87978 308
1.8798 309
1.87981 310
1.87982 311
1.87983 312
1.87984 314
1.87985 315
1.87986 316
1.87988 317
1.87989 318
1.8799 319
1.87991 321
1.87992 322
1.87993 323
1.87994 324
1.87996 327
1.87997 328
1.87998 330
1.87999 331
1.88 332
1.88001 333
1.88002 334
1.88003 335
1.88005 336
1.88006 337
1.88007 339
1.88008 340
1.88009 342
1.88011 345
1.88013 346
1.88014 349
1.88015 351
1.88016 353
1.88017 355
1.88018 357
1.8802 359
1.88023 361
1.88024 362
1.88025 364
1.88026 365
1.8803 368
1.88031 371
1.88032 372
1.88033 373
1.88034 374
1.88035 375
1.88036 376
1.88038 377
1.88039 378
1.88041 381
1.88042 382
1.88043 383
1.88044 384
1.88047 387
1.88048 388
1.88049 389
1.8805 390
1.88051 391
1.88052 392
1.88053 394
1.88056 396
1.88057 397
1.88058 398
1.88803 0
1.88804 1
1.88806 2
1.88807 3
1.88808 5
1.88809 6
1.8881 7
1.88811 9
1.88812 10
1.88814 11
1.88815 12
1.88816 13
1.88817 14
1.88818 15
1.88819 17
1.8882 18
1.88821 19
1.88823 21
1.88825 23
1.88827 26
1.88828 28
1.88829 29
1.88831 30
1.88832 32
1.88833 33
1.88834 34
1.88837 38
1.88839 39
1.8884 40
1.88841 41
1.88842 42
1.88843 43
1.88844 44
1.88845 45
1.88846 46
1.88848 48
1.88849 49
1.88851 51
1.88852 52
1.88854 54
1.88856 56
1.88857 58
1.88858 59
1.88859 60
1.8886 61
1.88861 62
1.88862 63
1.88864 64
1.88865 65
1.88866 66
1.88867 68
1.88868 69
1.88869 72
1.8887 73
1.88871 74
1.88873 75
1.88874 76
1.88875 77
1.88876 78
1.88877 79
1.88878 80
1.88881 82
1.88883 84
1.88884 86
1.88885 87
1.88886 88
1.88887 89
1.88889 90
1.8889 91
1.88891 92
1.88892 93
1.88893 95
1.88894 96
1.88895 97
1.88896 98
1.88898 99
1.88899 102
1.889 103
1.88901 104
1.88902 105
1.88903 106
1.88904 107
1.88906 108
1.88907 109
1.88908 110
1.88909 111
1.8891 112
1.88911 113
1.88912 114
1.88913 115
1.88916 117
1.88917 118
1.88918 119
1.88919 120
1.8892 121
1.88923 123
1.88924 124
1.88925 125
1.88927 127
1.88928 128
1.88929 129
1.88931 131
1.88932 133
1.88933 134
1.88934 135
1.88935 137
1.88936 138
1.88937 139
1.88938 140
1.8894 142
1.88941 143
1.88942 144
1.88943 145
1.88944 146
1.88945 147
1.88946 149
1.88948 151
1.88949 152
1.8895 154
1.88951 155
1.88952 160
1.88953 161
1.88954 162
1.88956 164
1.88958 167
1.88959 168
1.8896 169
1.88961 171
1.88962 172
1.88963 173
1.88965 174
1.88966 175
1.88967 176
1.88968 177
1.88969 178
1.8897 181
1.88971 182
1.88973 184
1.88974 185
1.88975 187
1.88976 188
1.88977 189
1.88981 192
1.88982 193
1.88983 194
1.88984 196
1.88985 197
1.88986 198
1.88988 200
1.8899 201
1.88991 202
1.88992 203
1.88994 207
1.88995 208
1.88996 209
1.88998 210
1.88999 211
1.89 212
1.89001 213
1.89002 214
1.89003 216
1.89004 217
1.89006 218
1.89007 219
1.89008 220
1.8901 222
1.89011 223
1.89012 224
1.89013 225
1.89015 226
1.89016 227
1.89017 228
1.89018 230
1.89019 231
1.8902 232
1.89021 233
1.89023 234
1.89025 236
1.89026 238
1.89028 240
1.89029 241
1.89031 242
1.89032 244
1.89033 245
1.89035 247
1.89036 248
1.89037 249
1.89038 251
1.8904 253
1.89041 254
1.89042 255
1.89043 256
1.89045 258
1.89048 260
1.89049 261
1.8905 262
1.89051 263
1.89052 264
1.89053 265
1.89054 266
1.89055 267
1.89057 268
1.89059 270
1.8906 272
1.89061 274
1.89062 275
1.89065 277
1.89066 279
1.89067 280
1.89068 281
1.89069 282
1.8907 283
1.89071 284
1.89073 286
1.89075 289
1.89076 290
1.89077 291
1.89078 292
1.89079 295
1.8908 298
1.89082 299
1.89083 300
1.89084 301
1.89085 302
1.89086 303
1.89087 305
1.89088 306
1.8909 308
1.89091 309
1.89092 310
1.89093 311
1.89094 312
1.89095 314
1.89096 315
1.89098 316
1.89099 317
1.891 318
1.89101 319
1.89102 321
1.89103 322
1.89104 323
1.89105 324
1.89107 327
1.89108 328
1.89109 330
1.8911 331
1.89111 332
1.89112 333
1.89113 334
1.89115 335
1.89116 336
1.89117 337
1.89118 339
1.89119 340
1.8912 342
1.89121 344
1.89123 345
1.89124 346
1.89125 349
1.89126 351
1.89127 353
1.89128 355
1.89129 357
1.8913 358
1.89132 359
1.89133 360
1.89134 361
1.89135 362
1.89136 364
1.89137 365
1.89138 366
1.8914 367
1.89142 371
1.89143 372
1.89144 373
1.89145 374
1.89146 375
1.89148 376
1.89149 377
1.8915 378
1.89151 380
1.89152 381
1.89153 382
1.89154 383
1.89155 384
1.89157 386
1.89158 387
1.89159 388
1.8916 389
1.89162 391
1.89165 394
1.89166 395
1.89167 396
1.89168 397
1.89169 398
1.8917 400
1.89171 408
1.89174 411
1.89175 412
1.89176 415
1.89177 417
1.89179 419
1.8918 420
1.89182 421
1.89183 422
1.89184 423
1.89185 424
1.89187 427
1.89188 429
1.8919 430
1.89191 431
1.89192 432
1.89193 433
1.89194 434
1.89196 436
1.89197 437
1.89199 438
1.892 439
1.89201 440
1.89202 441
1.89203 442
1.89204 443
1.89207 446
1.89208 450
1.89209 451
1.89211 455
1.89212 456
1.89213 457
1.89215 458
1.89216 459
1.89217 460
1.89218 461
1.89219 462
1.8922 463
1.89221 464
1.89222 466
1.89224 467
1.89226 469
1.89227 470
1.89228 471
1.89229 472
1.8923 473
1.89232 474
1.89233 476
1.89234 477
1.89235 479
1.89237 482
1.89238 483
1.8924 484
1.89242 486
1.89243 487
1.89244 488
1.89245 489
1.89246 490
1.89247 491
1.89249 492
1.8925 493
1.89251 494
1.89252 495
1.89253 496
1.89254 498
1.89914 0
1.89916 1
1.89917 2
1.89918 3
1.89919 5
1.89921 7
1.89922 9
1.89924 10
1.89925 11
1.89926 12
1.89927 13
1.89928 14
1.89929 15
1.8993 17
1.89931 18
1.89933 19
1.89935 22
1.89936 23
1.89937 24
1.89938 26
1.89939 28
1.89941 29
1.89942 30
1.89943 32
1.89944 33
1.89945 34
1.89946 35
1.89947 36
1.89948 38
1.8995 39
1.89951 40
1.89952 41
1.89953 42
1.89954 43
1.89955 44
1.89956 45
1.89958 46
1.89959 48
1.8996 49
1.89962 51
1.89963 52
1.89964 53
1.89966 54
1.89967 56
1.89968 58
1.89969 59
1.8997 60
1.89971 61
1.89972 62
1.89973 63
1.89975 64
1.89976 65
1.89977 66
1.89978 68
1.89979 69
1.8998 72
1.89981 73
1.89983 74
1.89984 75
1.89985 76
1.89986 77
1.89987 78
1.89988 79
1.89991 81
1.89992 82
1.89993 83
1.89994 84
1.89995 86
1.89996 87
1.89998 89
1.9 90
1.90001 91
1.90002 92
1.90003 93
1.90004 95
1.90005 96
1.90006 97
1.90009 99
1.9001 102
1.90011 103
1.90012 104
1.90013 105
1.90014 106
1.90016 107
1.90017 108
1.90018 109
1.90019 110
1.9002 111
1.90021 112
1.90022 113
1.90023 114
1.90025 115
1.90026 116
1.90027 117
1.90028 118
1.90029 119
1.9003 120
1.90031 121
1.90034 123
1.90035 124
1.90036 125
1.90037 126
1.90038 127
1.90039 128
1.90042 131
1.90043 133
1.90045 135
1.90046 137
1.90047 138
1.90048 139
1.9005 140
1.90051 142
1.90052 143
1.90053 144
1.90054 145
1.90055 146
1.90056 147
1.90058 149
1.90059 151
1.9006 152
1.90061 154
1.90062 155
1.90063 160
1.90064 161
1.90066 162
1.90067 164
1.90068 166
1.90069 167
1.90071 169
1.90072 171
1.90073 172
1.90075 173
1.90076 174
1.90077 175
1.90078 176
1.90079 177
1.9008 178
1.90081 181
1.90083 182
1.90085 185
1.90086 187
1.90087 188
1.90088 189
1.90089 190
1.9009 191
1.90092 192
1.90093 193
1.90094 194
1.90095 196
1.90096 197
1.90097 198
1.901 200
1.90101 201
1.90102 202
1.90103 203
1.90104 204
1.90105 207
1.90106 208
1.90108 209
1.90109 210
1.9011 211
1.90111 212
1.90112 213
1.90113 214
1.90114 216
1.90115 217
1.90117 218
1.90118 219
1.90119 220
1.9012 221
1.90121 222
1.90122 223
1.90123 224
1.90125 225
1.90126 226
1.90127 227
1.90128 228
1.90129 230
1.9013 231
1.90131 232
1.90133 233
1.90134 234
1.90135 235
1.90138 239
1.90139 240
1.9014 241
1.90142 242
1.90143 244
1.90144 245
1.90145 246
1.90146 247
1.90147 248
1.90148 249
1.9015 251
1.90151 253
1.90152 254
1.90153 255
1.90154 256
1.90155 257
1.90156 258
1.90158 259
1.90159 260
1.9016 261
1.90161 262
1.90162 263
1.90163 264
1.90165 266
1.90167 267
1.90168 268
1.90169 269
1.9017 270
1.90171 272
1.90172 274
1.90173 275
1.90175 276
1.90176 277
1.90177 279
1.90178 280
1.90179 281
1.9018 282
1.90181 283
1.90183 284
1.90185 287
1.90186 289
1.90187 290
1.90188 291
1.90189 292
1.9019 295
1.90192 298
1.90193 299
1.90194 300
1.90195 301
1.90196 302
1.90197 303
1.90198 305
1.902 306
1.90201 308
1.90202 309
1.90203 310
1.90205 312
1.90206 314
1.90208 315
1.90209 316
1.9021 317
1.90211 318
1.90212 319
1.90214 322
1.90215 323
1.90217 324
1.90218 327
1.90219 328
1.9022 330
1.90221 331
1.90223 333
1.90225 334
1.90226 335
1.90227 336
1.90228 337
1.90229 339
1.9023 340
1.90232 344
1.90234 345
1.90235 346
1.90236 349
1.90237 351
1.90238 353
1.90239 355
1.9024 357
1.90242 358
1.90243 359
1.90244 360
1.90245 361
1.90246 362
1.90247 364
1.90248 365
1.9025 366
1.90251 367
1.90252 368
1.90253 371
1.90254 372
1.90255 373
1.90256 374
1.90257 375
1.90259 376
1.90261 378
1.90262 380
1.90263 381
1.90265 383
1.90267 384
1.90268 386
1.90269 387
1.9027 388
1.90271 389
1.90272 390
1.90273 391
1.90275 392
1.90276 394
1.90277 395
1.90279 397
1.9028 398
1.90281 400
1.90282 408
1.90284 409
1.90285 411
1.90286 412
1.90287 415
1.90288 417
1.90289 418
1.9029 419
1.90292 420
1.90293 421
1.90294 422
1.90295 423
1.90296 424
1.90297 425
1.90298 427
1.90301 430
1.90302 431
1.90303 432
1.90304 433
1.90305 434
1.90306 435
1.90307 436
1.90309 437
1.9031 438
1.90311 439
1.90312 440
1.90313 441
1.90314 442
1.90315 443
1.90317 444
1.90318 446
1.90319 450
1.9032 451
1.90321 453
1.90322 455
1.90323 456
1.90325 457
1.90326 458
1.90327 459
1.90328 460
1.90329 461
1.9033 462
1.90331 463
1.90332 464
1.90334 466
1.90336 468
1.90337 469
1.90338 470
1.9034 472
1.90342 473
1.90343 474
1.90344 476
1.90345 477
1.90346 479
1.90347 480
1.90348 482
1.9035 483
1.90351 484
1.90352 485
1.90353 486
1.90356 489
1.90357 490
1.9036 492
1.90361 493
1.90362 494
1.90363 495
1.90364 496
1.90365 498
1.90367 500
1.90368 502
1.90369 503
1.9037 504
1.90371 505
1.90372 506
1.90373 507
1.90374 508
1.90376 510
1.90377 511
1.90378 512
1.90381 515
1.90382 516
1.90384 518
1.90385 519
1.90386 520
1.90387 521
1.90388 522
1.90389 523
1.9039 525
1.90392 526
1.90393 527
1.90394 528
1.90395 529
1.90396 530
1.90397 531
1.90398 532
1.90399 534
1.90401 535
1.90402 536
1.90403 537
1.90404 538
1.90405 539
1.90409 542
1.90411 545
1.90412 546
1.90413 547
1.90414 548
1.90415 549
1.90417 550
1.90418 551
1.90419 552
1.9042 553
1.90421 554
1.90422 555
1.90423 556
1.90424 557
1.90426 558
1.90427 559
1.90428 560
1.90429 562
1.9043 563
1.90431 564
1.90432 565
1.90434 566
1.90435 567
1.90436 568
1.90437 569
1.90438 570
1.90439 572
1.9044 573
1.90443 576
1.90444 577
1.90445 578
1.90446 580
1.90447 581
1.90448 582
1.90449 583
1.90451 586
1.90453 588
1.90454 591
1.90455 592
1.90456 593
1.90457 594
1.90459 595
1.91026 0
1.91027 1
1.91028 2
1.91029 3
1.9103 5
1.91031 6
1.91032 7
1.91033 9
1.91035 10
1.91036 11
1.91037 12
1.91038 13
1.91039 14
1.91041 17
1.91044 19
1.91045 21
1.91046 22
1.91047 23
1.91048 24
1.91049 26
1.91051 28
1.91052 29
1.91054 32
1.91055 33
1.91056 34
1.91057 35
1.9106 38
1.91061 39
1.91062 40
1.91063 41
1.91064 42
1.91065 43
1.91066 44
1.91068 45
1.9107 48
1.91072 50
1.91073 51
1.91074 52
1.91076 53
1.91077 54
1.91078 56
1.91079 58
1.9108 59
1.91081 60
1.91082 61
1.91083 62
1.91085 63
1.91086 64
1.91087 65
1.91089 68
1.9109 69
1.91091 72
1.91093 73
1.91094 74
1.91095 75
1.91096 76
1.91097 77
1.91098 78
1.91099 79
1.91101 80
1.91102 81
1.91103 82
1.91105 84
1.91106 86
1.91108 88
1.9111 89
1.91111 90
1.91112 91
1.91113 92
1.91114 93
1.91115 95
1.91116 96
1.91118 97
1.91119 98
1.9112 99
1.91121 102
1.91122 103
1.91123 104
1.91124 105
1.91125 106
1.91129 109
1.9113 110
1.91131 111
1.91132 112
1.91133 113
1.91135 114
1.91136 115
1.91137 116
1.91138 117
1.9114 119
1.91141 120
1.91143 121
1.91144 122
1.91145 123
1.91146 124
1.91147 125
1.91148 126
1.91149 127
1.91152 129
1.91153 131
1.91154 133
1.91155 134
1.91156 135
1.91157 137
1.91158 138
1.91161 140
1.91162 142
1.91163 143
1.91164 144
1.91165 145
1.91168 147
1.91169 149
1.9117 151
1.91171 152
1.91172 154
1.91173 155
1.91174 160
1.91175 161
1.91177 162
1.91178 164
1.91179 166
1.9118 167
1.91181 168
1.91183 171
1.91186 173
1.91187 174
1.91188 175
1.91189 176
1.9119 177
1.91191 178
1.91193 181
1.91194 182
1.91195 184
1.91197 187
1.91198 188
1.91199 189
1.912 190
1.91202 191
1.91203 192
1.91204 193
1.91205 194
1.91206 196
1.91207 197
1.9121 199
1.91211 200
1.91212 201
1.91213 202
1.91214 203
1.91216 207
1.91218 208
1.91219 209
1.9122 210
1.91221 211
1.91222 212
1.91223 213
1.91224 214
1.91225 216
1.91227 217
1.91228 218
1.91229 219
1.9123 220
1.91231 221
1.91232 222
1.91233 223
1.91235 224
1.91236 225
1.91237 226
1.91238 227
1.91239 228
1.9124 230
1.91241 231
1.91243 232
1.91244 233
1.91245 234
1.91246 235
1.91247 236
1.91248 238
1.91249 239
1.91252 241
1.91253 242
1.91254 244
1.91255 245
1.91256 246
1.91257 247
1.9126 249
1.91261 251
1.91262 253
1.91263 254
1.91264 255
1.91266 257
1.91267 258
1.91269 259
1.91271 261
1.91272 262
1.91273 263
1.91274 264
1.91275 265
1.91277 266
1.91278 267
1.91279 268
1.9128 269
1.91281 270
1.91282 272
1.91283 274
1.91285 275
1.91286 276
1.91287 277
1.91288 279
1.91289 280
1.9129 281
1.91291 282
1.91292 283
1.91294 284
1.91295 286
1.91296 287
1.91297 289
1.91298 290
1.91299 291
1.913 292
1.91302 295
1.91303 298
1.91304 299
1.91305 300
1.91306 301
1.91307 302
1.91308 303
1.9131 305
1.91312 308
1.91313 309
1.91314 310
1.91315 311
1.91316 312
1.91317 314
1.91319 315
1.9132 316
1.91321 317
1.91322 318
1.91323 319
1.91324 321
1.91325 322
1.91327 323
1.91328 324
1.91329 327
1.91331 330
1.91332 331
1.91333 332
1.91335 333
1.91336 334
1.91337 335
1.91338 336
1.91339 337
1.9134 339
1.91341 340
1.91342 342
1.91344 344
1.91345 345
1.91347 349
1.91348 351
1.91349 353
1.9135 355
1.91352 357
1.91353 358
1.91354 359
1.91355 360
1.91356 361
1.91357 362
1.91358 364
1.9136 365
1.91361 366
1.91362 367
1.91363 368
1.91364 371
1.91365 372
1.91366 373
1.91367 374
1.91369 375
1.9137 376
1.91371 377
1.91372 378
1.91373 380
1.91374 381
1.91375 382
1.91377 383
1.91378 384
1.91379 386
1.9138 387
1.91382 389
1.91386 392
1.91387 394
1.91388 395
1.91389 396
1.9139 397
1.91391 398
1.91392 400
1.91394 408
1.91395 409
1.91396 411
1.91397 412
1.91398 415
1.91399 417
1.914 418
1.91402 419
1.91403 420
1.91404 421
1.91405 422
1.91406 423
1.91407 424
1.91408 425
1.91409 427
1.91411 429
1.91412 430
1.91413 431
1.91415 433
1.91417 435
1.91419 436
1.91421 438
1.91422 439
1.91423 440
1.91424 441
1.91425 442
1.91428 444
1.91429 446
1.9143 450
1.91431 451
1.91432 453
1.91433 455
1.91434 456
1.91436 457
1.91437 458
1.91438 459
1.91439 460
1.9144 461
1.91441 462
1.91442 463
1.91444 464
1.91445 466
1.91446 467
1.91447 468
1.91448 469
1.91449 470
1.9145 471
1.91452 472
1.91453 473
1.91454 474
1.91455 476
1.91456 477
1.91457 479
1.91458 480
1.91459 482
1.91461 483
1.91462 484
1.91463 485
1.91464 486
1.91465 487
1.91467 489
1.91469 490
1.9147 491
1.91471 492
1.91473 494
1.91474 495
1.91475 496
1.91477 498
1.91478 500
1.91481 504
1.91482 505
1.91483 506
1.91486 508
1.91487 510
1.91488 511
1.91489 512
1.9149 513
1.91491 514
1.91492 515
1.91494 516
1.91495 518
1.91497 520
1.91498 521
1.915 523
1.91502 525
1.91503 526
1.91504 527
1.91505 528
1.91506 529
1.91507 530
1.91508 531
1.91509 532
1.91511 534
1.91512 535
1.91513 536
1.91515 538
1.91516 539
1.91517 540
1.91519 541
1.9152 542
1.91521 544
1.91522 545
1.91524 547
1.91527 549
1.91528 550
1.91529 551
1.9153 552
1.91531 553
1.91532 554
1.91533 555
1.91536 557
1.91537 558
1.91538 559
1.91539 560
1.9154 562
1.91541 563
1.91542 564
1.91544 565
1.91545 566
1.91546 567
1.91547 568
1.91548 569
1.91549 570
1.9155 572
1.91551 573
1.91553 575
1.91554 576
1.91555 577
1.91556 578
1.91557 580
1.91558 581
1.91559 582
1.91561 583
1.91562 586
1.91563 587
1.91564 588
1.91565 591
1.91566 592
1.91567 593
1.91569 594
1.9157 595
1.91571 596
1.91573 601
1.91574 603
1.91575 604
1.91576 605
1.91578 606
1.91579 607
1.9158 608
1.91581 609
1.91582 610
1.91583 611
1.91586 614
1.91587 615
1.91588 616
1.91589 617
1.9159 618
1.91591 621
1.91594 623
1.91595 624
1.91596 628
1.91597 629
1.91599 631
1.91601 633
1.91603 634
1.91604 635
1.91605 636
1.91606 637
1.91607 638
1.91608 639
1.91611 641
1.91612 642
1.91613 643
1.91614 644
1.91615 645
1.91616 646
1.91617 648
1.91619 651
1.9162 652
1.91621 653
1.91623 656
1.91624 658
1.91625 659
1.91626 661
1.91628 662
1.91629 663
1.9163 664
1.91631 665
1.91632 666
1.91633 667
1.91634 668
1.91636 669
1.91637 670
1.91639 673
1.91641 676
1.91642 677
1.91644 678
1.91645 679
1.91646 680
1.91647 681
1.91648 682
1.91649 683
1.91651 688
1.91653 691
1.91654 692
1.91655 693
1.91656 694
1.91658 699
1.92137 0
1.92138 1
1.92139 2
1.9214 3
1.92142 6
1.92145 9
1.92146 10
1.92147 11
1.92148 12
1.92149 13
1.9215 14
1.92151 15
1.92153 17
1.92154 18
1.92155 19
1.92156 21
1.92157 22
1.92158 23
1.92159 24
1.9216 26
1.92162 28
1.92163 29
1.92164 30
1.92165 32
1.92166 33
1.92167 34
1.92168 35
1.9217 36
1.92171 38
1.92172 39
1.92173 40
1.92174 41
1.92175 42
1.92176 43
1.92178 44
1.92179 45
1.9218 46
1.92181 48
1.92182 49
1.92183 50
1.92184 51
1.92185 52
1.92188 54
1.92189 56
1.9219 58
1.92191 59
1.92192 60
1.92193 61
1.92195 62
1.92196 63
1.92197 64
1.92198 65
1.92199 66
1.922 68
1.92201 69
1.92203 72
1.92204 73
1.92205 74
1.92206 75
1.92207 76
1.92208 77
1.92209 78
1.9221 79
1.92212 80
1.92213 81
1.92214 82
1.92215 83
1.92216 84
1.92217 86
1.92218 87
1.9222 88
1.92221 89
1.92223 91
1.92224 92
1.92225 93
1.92226 95
1.92228 96
1.92229 97
1.9223 98
1.92231 99
1.92232 102
1.92233 103
1.92234 104
1.92235 105
1.92237 106
1.92239 108
1.9224 109
1.92241 110
1.92242 111
1.92243 112
1.92246 114
1.92247 115
1.92248 116
1.92249 117
1.9225 118
1.92251 119
1.92253 120
1.92254 121
1.92255 122
1.92256 123
1.92258 125
1.92259 126
1.9226 127
1.92262 128
1.92263 129
1.92264 131
1.92265 133
1.92266 134
1.92267 135
1.92268 137
1.9227 138
1.92271 139
1.92272 140
1.92273 142
1.92274 143
1.92275 144
1.92276 145
1.92277 146
1.92279 147
1.9228 149
1.92281 151
1.92282 152
1.92283 154
1.92284 155
1.92285 160
1.92287 161
1.92288 162
1.92289 164
1.9229 166
1.92292 168
1.92293 169
1.92295 171
1.92296 172
1.92297 173
1.92298 174
1.92299 175
1.923 176
1.92302 178
1.92304 181
1.92305 182
1.92306 184
1.92308 187
1.92309 188
1.9231 189
1.92313 191
1.92314 192
1.92315 193
1.92316 194
1.92317 196
1.92318 197
1.9232 198
1.92321 199
1.92322 200
1.92323 201
1.92324 202
1.92325 203
1.92326 204
1.92327 207
1.92329 208
1.9233 209
1.92331 210
1.92332 211
1.92333 212
1.92335 214
1.92337 216
1.92338 217
1.92339 218
1.9234 219
1.92341 220
1.92343 222
1.92345 223
1.92346 224
1.92347 225
1.92348 226
1.92349 227
1.9235 228
1.92351 230
1.92352 231
1.92354 232
1.92355 233
1.92356 234
1.92357 235
1.92358 236
1.92359 238
1.9236 239
1.92362 240
1.92364 242
1.92365 244
1.92366 245
1.92367 246
1.92368 247
1.9237 248
1.92371 249
1.92372 251
1.92373 253
1.92374 254
1.92375 255
1.92376 256
1.92377 257
1.92379 258
1.9238 259
1.92381 260
1.92383 262
1.92385 264
1.92387 265
1.92388 266
1.92389 267
1.9239 268
1.92391 269
1.92392 270
1.92393 272
1.92395 274
1.92397 276
1.92398 277
1.92399 279
1.924 280
1.92401 281
1.92402 282
1.92404 283
1.92405 284
1.92406 286
1.92407 287
1.92408 289
1.92409 290
1.9241 291
1.92412 292
1.92413 295
1.92414 298
1.92415 299
1.92416 300
1.92417 301
1.92418 302
1.92419 303
1.92421 305
1.92422 306
1.92423 308
1.92426 311
1.92427 312
1.92429 314
1.9243 315
1.92431 316
1.92432 317
1.92433 318
1.92434 319
1.92437 322
1.92438 323
1.92439 324
1.9244 327
1.92441 328
1.92442 330
1.92444 332
1.92446 333
1.92447 334
1.92448 335
1.9245 337
1.92451 339
1.92452 340
1.92454 342
1.92455 344
1.92456 345
1.92457 346
1.92458 349
1.92459 351
1.9246 353
1.92462 355
1.92463 357
1.92464 358
1.92465 359
1.92466 360
1.92468 362
1.92469 364
1.92471 365
1.92472 366
1.92474 368
1.92475 371
1.92479 374
1.9248 375
1.92481 376
1.92482 377
1.92483 378
1.92484 380
1.92485 381
1.92487 382
1.92488 383
1.92489 384
1.9249 386
1.92491 387
1.92492 388
1.92493 389
1.92497 392
1.92498 394
1.92499 395
1.925 396
1.92501 397
1.92502 398
1.92504 400
1.92505 408
1.92506 409
1.92507 411
1.92508 412
1.9251 417
1.92512 418
1.92513 419
1.92514 420
1.92515 421
1.92516 422
1.92517 423
1.92518 424
1.92519 425
1.92521 427
1.92522 429
1.92523 430
1.92524 431
1.92526 433
1.92529 435
1.9253 436
1.92531 437
1.92532 438
1.92533 439
1.92534 440
1.92537 442
1.92539 444
1.9254 446
1.92541 450
1.92542 451
1.92543 453
1.92544 455
1.92546 456
1.92547 457
1.92548 458
1.92549 459
1.9255 460
1.92551 461
1.92552 462
1.92555 464
1.92557 467
1.92558 468
1.9256 470
1.92561 471
1.92563 472
1.92564 473
1.92565 474
1.92566 476
1.92567 477
1.92568 479
1.92569 480
1.92571 482
1.92572 483
1.92573 484
1.92575 486
1.92576 487
1.92577 488
1.92579 489
1.9258 490
1.92581 491
1.92582 492
1.92583 493
1.92584 494
1.92585 495
1.92586 496
1.92588 498
1.92589 500
1.92591 503
1.92592 504
1.92593 505
1.92594 506
1.92596 507
1.92597 508
1.92598 510
1.926 512
1.92601 513
1.92602 514
1.92604 515
1.92606 518
1.92607 519
1.92609 521
1.9261 522
1.92611 523
1.92613 525
1.92615 527
1.92616 528
1.92617 529
1.92618 530
1.92619 531
1.92621 532
1.92622 534
1.92623 535
1.92625 537
1.92626 538
1.92627 539
1.92629 540
1.92632 544
1.92633 545
1.92634 546
1.92635 547
1.92636 548
1.92638 549
1.92639 550
1.9264 551
1.92641 552
1.92643 554
1.92647 557
1.92648 558
1.92649 559
1.9265 560
1.92651 562
1.92654 564
1.92655 565
1.92656 566
1.92657 567
1.92658 568
1.92659 569
1.9266 570
1.92661 572
1.92663 573
1.92665 576
1.92666 577
1.92667 578
1.92668 580
1.92669 581
1.92671 582
1.92672 583
1.92673 586
1.92674 587
1.92675 588
1.92676 591
1.92677 592
1.92679 593
1.92682 596
1.92683 600
1.92684 601
1.92685 603
1.92686 604
1.92688 605
1.92689 606
1.9269 607
1.92691 608
1.92692 609
1.92693 610
1.92694 611
1.92696 613
1.92698 615
1.927 617
1.92701 618
1.92702 621
1.92705 623
1.92706 624
1.92707 628
1.92709 630
1.92711 632
1.92713 633
1.92715 635
1.92716 636
1.92717 637
1.92718 638
1.92719 639
1.92721 640
1.92722 641
1.92723 642
1.92724 643
1.92725 644
1.92726 645
1.92727 646
1.92728 648
1.9273 651
1.92731 652
1.92733 654
1.92734 656
1.92735 658
1.92738 661
1.92739 662
1.9274 663
1.92741 664
1.92742 665
1.92743 666
1.92747 669
1.92749 671
1.9275 673
1.92752 676
1.92753 677
1.92755 678
1.92756 679
1.92758 681
1.92759 682
1.9276 683
1.92761 685
1.92763 688
1.92765 692
1.92766 693
1.92767 694
1.92768 697
1.92769 699
1.92771 700
1.92772 701
1.92773 703
1.92774 704
1.92776 706
1.92777 707
1.92778 708
1.92781 710
1.92782 711
1.92783 712
1.92784 713
1.92785 714
1.92786 715
1.92788 716
1.92789 717
1.9279 718
1.92791 719
1.92792 720
1.92793 721
1.92794 722
1.92796 724
1.92797 725
1.92798 726
1.92799 727
1.928 729
1.92801 730
1.92803 733
1.92805 734
1.92806 735
1.92807 736
1.92809 739
1.9281 740
1.92811 741
1.92813 742
1.92814 745
1.92815 746
1.92816 747
1.92817 748
1.92818 749
1.92819 750
1.92821 753
1.92822 754
1.92823 756
1.92824 757
1.92825 758
1.92826 759
1.92827 761
1.92828 763
1.92831 765
1.92832 766
1.92834 768
1.92835 769
1.92836 770
1.92838 771
1.92839 772
1.9284 774
1.92841 775
1.92842 777
1.92844 780
1.92845 781
1.92847 782
1.92848 783
1.92849 784
1.92851 786
1.92852 787
1.92853 789
1.92855 790
1.92857 793
1.92858 794
1.92859 796
1.9286 798
1.92861 799
1.93248 0
1.93249 1
1.9325 2
1.93251 3
1.93252 5
1.93253 6
1.93255 7
1.93256 10
1.93257 12
1.93258 15
1.93259 18
1.9326 19
1.93261 21
1.93263 22
1.93264 23
1.93265 24
1.93266 26
1.93267 28
1.93268 29
1.9327 34
1.93273 38
1.93274 39
1.93275 40
1.93276 41
1.93277 42
1.93278 43
1.9328 44
1.93281 45
1.93282 48
1.93283 49
1.93284 50
1.93285 51
1.93286 52
1.93288 53
1.93289 56
1.9329 58
1.93291 59
1.93292 60
1.93293 61
1.93294 63
1.93295 65
1.93297 66
1.93298 68
1.93299 72
1.933 73
1.93301 74
1.93302 75
1.93303 77
1.93305 79
1.93306 80
1.93307 81
1.93308 82
1.93309 83
1.9331 88
1.93311 89
1.93314 91
1.93315 92
1.93317 95
1.93318 96
1.93319 97
1.9332 98
1.93322 99
1.93323 102
1.93325 104
1.93326 105
1.93327 106
1.9333 108
1.93331 109
1.93332 110
1.93333 111
1.93335 113
1.93336 114
1.93337 115
1.93339 116
1.9334 117
1.93341 118
1.93342 119
1.93343 120
1.93344 121
1.93345 122
1.93347 123
1.93348 124
1.93349 125
1.9335 126
1.93351 127
1.93352 128
1.93353 129
1.93355 131
1.93357 134
1.93358 135
1.93359 137
1.9336 138
1.93362 140
1.93364 142
1.93365 143
1.93366 144
1.93367 145
1.93368 146
1.93369 147
1.9337 149
1.93372 151
1.93373 152
1.93374 154
1.93375 155
1.93376 160
1.93377 161
1.93378 162
1.93381 166
1.93382 167
1.93383 168
1.93384 169
1.93387 173
1.93389 174
1.9339 175
1.93391 176
1.93392 177
1.93393 178
1.93394 181
1.93395 182
1.93399 187
1.934 188
1.93401 189
1.93402 190
1.93403 191
1.93406 193
1.93407 194
1.93408 196
1.93409 197
1.9341 198
1.93411 199
1.93412 200
1.93414 201
1.93415 202
1.93416 203
1.93417 204
1.93418 207
1.93419 208
1.9342 209
1.93422 210
1.93423 211
1.93424 212
1.93426 214
1.93427 216
1.9343 218
1.93431 219
1.93432 220
1.93433 221
1.93434 222
1.93435 223
1.93436 224
1.93437 225
1.9344 227
1.93441 228
1.93442 230
1.93443 231
1.93444 232
1.93445 233
1.93447 234
1.93449 236
1.9345 238
1.93451 239
1.93452 240
1.93453 241
1.93454 242
1.93456 244
1.93457 245
1.93458 246
1.93459 247
1.9346 248
1.93461 249
1.93462 251
1.93464 253
1.93465 254
1.93466 255
1.93467 256
1.93468 257
1.93469 258
1.9347 259
1.93473 261
1.93474 262
1.93475 263
1.93476 264
1.93478 266
1.93481 268
1.93482 269
1.93483 270
1.93484 272
1.93485 274
1.93486 275
1.93487 276
1.9349 279
1.93491 280
1.93492 281
1.93494 283
1.93495 284
1.93497 286
1.93498 287
1.93499 289
1.935 290
1.93501 291
1.93502 292
1.93503 295
1.93504 298
1.93507 300
1.93508 301
1.9351 303
1.93511 305
1.93512 306
1.93514 308
1.93515 309
1.93518 312
1.93519 314
1.9352 315
1.93522 316
1.93523 317
1.93524 318
1.93525 319
1.93526 321
1.93527 322
1.93528 323
1.93529 324
1.93531 327
1.93532 328
1.93535 332
1.93536 333
1.93537 334
1.93539 335
1.9354 336
1.93541 337
1.93543 340
1.93544 342
1.93545 344
1.93547 345
1.93549 349
1.9355 351
1.93551 353
1.93552 355
1.93553 357
1.93554 358
1.93556 359
1.93557 360
1.93558 361
1.9356 364
1.93561 365
1.93562 366
1.93564 367
1.93565 368
1.93566 371
1.93567 372
1.93568 373
1.93569 374
1.9357 375
1.93572 376
1.93573 377
1.93574 378
1.93575 380
1.93576 381
1.93577 382
1.93578 383
1.93579 384
1.93581 386
1.93584 389
1.93585 390
1.93586 391
1.93587 392
1.93589 394
1.9359 395
1.93591 396
1.93592 397
1.93593 398
1.93594 400
1.93595 408
1.93596 409
1.93599 412
1.936 415
1.93602 418
1.93603 419
1.93604 420
1.93606 421
1.93607 422
1.93608 423
1.93609 424
1.9361 425
1.93611 427
1.93612 429
1.93614 430
1.93615 431
1.93616 432
1.93617 433
1.93618 434
1.93619 435
1.9362 436
1.93621 437
1.93623 438
1.93624 439
1.93625 440
1.93626 441
1.93627 442
1.93628 443
1.93629 444
1.93631 446
1.93633 451
1.93634 453
1.93635 455
1.93639 458
1.9364 459
1.93641 460
1.93642 461
1.93644 463
1.93645 464
1.93646 466
1.93648 467
1.93649 468
1.9365 469
1.93651 470
1.93652 471
1.93654 473
1.93656 474
1.93657 476
1.93658 477
1.93659 479
1.9366 480
1.93662 483
1.93664 484
1.93665 485
1.93666 486
1.93667 487
1.93668 488
1.93669 489
1.9367 490
1.93671 491
1.93673 492
1.93674 493
1.93675 494
1.93677 496
1.93679 500
1.93681 502
1.93683 504
1.93684 505
1.93685 506
1.93686 507
1.93687 508
1.93689 510
1.9369 511
1.93691 512
1.93692 513
1.93693 514
1.93694 515
1.93695 516
1.93696 518
1.93698 519
1.93699 520
1.937 521
1.93701 522
1.93702 523
1.93703 525
1.93704 526
1.93706 527
1.93707 528
1.93708 529
1.93709 530
1.93711 532
1.93712 534
1.93714 535
1.93716 537
1.93717 538
1.93718 539
1.93719 540
1.9372 541
1.93721 542
1.93724 545
1.93725 546
1.93726 547
1.93727 548
1.93728 549
1.93729 550
1.93731 551
1.93732 552
1.93733 553
1.93734 554
1.93736 556
1.93737 557
1.93738 558
1.9374 559
1.93741 560
1.93742 562
1.93743 563
1.93745 565
1.93746 566
1.93748 567
1.93749 568
1.9375 569
1.93751 570
1.93752 572
1.93753 573
1.93754 575
1.93756 576
1.93757 577
1.93759 580
1.93761 582
1.93762 583
1.93763 586
1.93765 587
1.93766 588
1.93767 591
1.93769 593
1.9377 594
1.93771 595
1.93773 596
1.93774 600
1.93776 603
1.93777 604
1.93778 605
1.93779 606
1.93781 607
1.93782 608
1.93783 609
1.93784 610
1.93786 613
1.93787 614
1.93788 615
1.9379 616
1.93791 617
1.93792 618
1.93793 621
1.93794 622
1.93795 623
1.93796 624
1.93798 628
1.93799 629
1.938 630
1.93801 631
1.93802 632
1.93803 633
1.93804 634
1.93808 637
1.93809 638
1.9381 639
1.93811 640
1.93812 641
1.93813 642
1.93815 643
1.93817 645
1.93818 646
1.93819 648
1.93821 652
1.93823 653
1.93824 654
1.93825 656
1.93826 658
1.93829 662
1.93831 663
1.93832 664
1.93833 665
1.93834 666
1.93835 667
1.93836 668
1.93837 669
1.9384 671
1.93841 673
1.93842 674
1.93843 676
1.93845 678
1.93846 679
1.93848 680
1.93849 681
1.9385 682
1.93851 683
1.93852 685
1.93853 688
1.93854 691
1.93856 692
1.93857 693
1.93858 694
1.93859 697
1.9386 699
1.93861 700
1.93862 701
1.93863 703
1.93865 704
1.93866 705
1.93867 706
1.93868 707
1.9387 709
1.93871 710
1.93873 711
1.93874 712
1.93875 713
1.93876 714
1.93877 715
1.93878 716
1.93879 717
1.9388 718
1.93882 719
1.93883 720
1.93884 721
1.93886 724
1.93887 725
1.93888 726
1.9389 727
1.93891 729
1.93892 730
1.93893 731
1.93894 733
1.93895 734
1.93896 735
1.93898 736
1.93899 737
1.939 739
1.93901 740
1.93902 741
1.93903 742
1.93904 745
1.93905 746
1.93907 747
1.93908 748
1.93909 749
1.9391 750
1.93912 754
1.93913 756
1.93915 757
1.93916 758
1.93917 759
1.93918 761
1.9392 764
1.93921 765
1.93923 766
1.93924 767
1.93926 769
1.93927 770
1.93928 771
1.93929 772
1.9393 774
1.93932 775
1.93933 777
1.93934 778
1.93935 780
1.93936 781
1.93937 782
1.93938 783
1.9394 784
1.93941 785
1.93942 786
1.93943 787
1.93944 789
1.93945 790
1.93946 792
1.93948 793
1.93949 794
1.9395 796
1.93952 799
1.93954 801
1.93955 802
1.93958 804
1.93959 806
1.93961 809
1.93962 810
1.93963 811
1.93965 812
1.93966 813
1.93967 814
1.93968 816
1.93969 817
1.9397 819
1.93973 821
1.93974 822
1.93975 823
1.93976 825
1.93977 828
1.93978 829
1.93979 830
1.9398 831
1.93982 832
1.93983 833
1.93984 834
1.93985 835
1.93986 836
1.93987 837
1.93988 838
1.9399 839
1.93992 841
1.93993 842
1.93994 845
1.93995 846
1.93996 847
1.93998 848
1.93999 849
1.94 850
1.94001 852
1.94002 853
1.94003 855
1.94004 856
1.94005 857
1.94007 858
1.94008 859
1.94009 860
1.9401 861
1.94011 862
1.94012 863
1.94013 864
1.94015 865
1.94017 869
1.94018 871
1.94019 872
1.94021 874
1.94022 875
1.94024 876
1.94026 879
1.94027 881
1.94029 885
1.9403 886
1.94032 887
1.94033 888
1.94035 890
1.94036 891
1.94037 892
1.9404 894
1.94041 895
1.94042 896
1.94043 897
1.94044 898
1.94045 899
1.94361 2
1.94362 3
1.94363 5
1.94365 6
1.94367 10
1.94368 12
1.9437 19
1.94371 21
1.94372 24
1.94374 28
1.94376 30
1.94377 34
1.94378 36
1.94379 38
1.9438 39
1.94382 40
1.94383 41
1.94384 43
1.94385 44
1.94386 45
1.94387 48
1.94388 49
1.9439 50
1.94391 52
1.94392 53
1.94393 58
1.94394 59
1.94395 60
1.94396 61
1.94397 63
1.94399 65
1.944 66
1.94403 73
1.94404 74
1.94405 75
1.94407 77
1.94408 79
1.94409 80
1.9441 82
1.94412 89
1.94413 90
1.94415 91
1.94416 92
1.94417 93
1.94418 96
1.94419 97
1.9442 98
1.94421 102
1.94422 103
1.94424 104
1.94425 105
1.94426 106
1.94427 107
1.94428 108
1.94429 109
1.9443 110
1.94432 111
1.94433 112
1.94435 114
1.94437 116
1.94438 117
1.9444 118
1.94441 119
1.94443 121
1.94444 122
1.94445 123
1.94446 124
1.94447 125
1.94449 126
1.9445 127
1.94451 128
1.94452 129
1.94453 131
1.94454 133
1.94455 134
1.94457 135
1.94458 137
1.94459 138
1.9446 139
1.94461 140
1.94462 142
1.94463 143
1.94465 144
1.94466 145
1.94467 146
1.94468 147
1.94469 149
1.9447 151
1.94471 152
1.94472 154
1.94475 160
1.94477 162
1.94478 164
1.9448 167
1.94482 168
1.94483 169
1.94484 171
1.94485 172
1.94486 173
1.94487 174
1.94488 175
1.94489 176
1.94491 177
1.94492 178
1.94493 181
1.94494 182
1.94495 184
1.94496 185
1.94497 187
1.94499 188
1.94501 190
1.94502 191
1.94503 192
1.94504 193
1.94505 194
1.94507 196
1.94508 197
1.94509 198
1.9451 199
1.94511 200
1.94512 201
1.94513 202
1.94514 203
1.94516 204
1.94517 207
1.94518 208
1.94519 209
1.9452 210
1.94521 211
1.94522 212
1.94524 213
1.94527 217
1.94528 218
1.94529 219
1.9453 220
1.94532 221
1.94533 222
1.94534 223
1.94535 224
1.94536 225
1.94538 227
1.94539 228
1.94541 230
1.94542 231
1.94544 233
1.94545 234
1.94546 235
1.94547 236
1.94551 240
1.94552 241
1.94553 242
1.94554 244
1.94555 245
1.94557 246
1.94559 248
1.9456 249
1.94561 251
1.94562 253
1.94564 255
1.94566 256
1.94567 257
1.94568 258
1.9457 260
1.94571 261
1.94572 262
1.94574 263
1.94575 264
1.94576 265
1.94577 266
1.94578 267
1.94579 268
1.9458 269
1.94582 270
1.94583 272
1.94585 275
1.94586 276
1.94587 277
1.94588 279
1.94589 280
1.94591 281
1.94592 282
1.94594 284
1.94595 286
1.94596 287
1.94597 289
1.94599 290
1.946 291
1.94601 292
1.94602 295
1.94603 298
1.94604 299
1.94605 300
1.94607 301
1.94608 302
1.94609 303
1.9461 305
1.94611 306
1.94612 308
1.94613 309
1.94614 310
1.94616 311
1.94617 312
1.94618 314
1.94619 315
1.9462 316
1.94621 317
1.94622 318
1.94624 319
1.94625 321
1.94626 322
1.94627 323
1.94628 324
1.9463 328
1.94631 330
1.94633 331
1.94634 332
1.94635 333
1.94636 334
1.94637 335
1.94638 336
1.94639 337
1.94641 339
1.94642 340
1.94643 342
1.94644 344
1.94645 345
1.94647 349
1.94649 351
1.9465 353
1.94651 355
1.94652 357
1.94653 358
1.94654 359
1.94655 360
1.94656 361
1.94658 362
1.94659 364
1.9466 365
1.94661 366
1.94663 368
1.94664 371
1.94666 372
1.94667 373
1.94668 374
1.94669 375
1.9467 376
1.94671 377
1.94672 378
1.94674 380
1.94675 381
1.94676 382
1.94677 383
1.94678 384
1.9468 387
1.94681 388
1.94683 389
1.94684 390
1.94685 391
1.94686 392
1.94687 394
1.94688 395
1.94689 396
1.94691 397
1.94692 398
1.94694 408
1.94695 409
1.94696 411
1.94697 412
1.94699 415
1.947 417
1.94701 418
1.94703 420
1.94704 421
1.94705 422
1.94706 423
1.94708 424
1.94709 425
1.9471 427
1.94711 429
1.94712 430
1.94713 431
1.94714 432
1.94716 433
1.94717 434
1.94718 435
1.94719 436
1.9472 437
1.94721 438
1.94724 440
1.94725 441
1.94726 442
1.94727 443
1.94728 444
1.9473 450
1.94731 451
1.94733 453
1.94734 455
1.94735 456
1.94737 458
1.94738 459
1.94741 461
1.94742 462
1.94743 463
1.94744 464
1.94745 466
1.94746 467
1.94747 468
1.94749 469
1.9475 470
1.94751 471
1.94752 472
1.94753 473
1.94754 474
1.94755 476
1.94756 477
1.94758 479
1.94759 480
1.9476 482
1.94761 483
1.94762 484
1.94763 485
1.94764 486
1.94766 487
1.94767 488
1.94768 489
1.94769 490
1.9477 491
1.94771 492
1.94772 493
1.94773 494
1.94775 495
1.94776 496
1.94778 500
1.94779 502
1.9478 503
1.94781 504
1.94783 505
1.94784 506
1.94785 507
1.94786 508
1.94787 510
1.94788 511
1.94791 513
1.94793 515
1.94794 516
1.94795 518
1.94796 519
1.94798 521
1.948 522
1.94801 523
1.94802 525
1.94803 526
1.94804 527
1.94805 528
1.94806 529
1.94808 530
1.94809 531
1.9481 532
1.94811 534
1.94812 535
1.94814 537
1.94816 538
1.94817 539
1.94818 540
1.94819 541
1.9482 542
1.94821 544
1.94822 545
1.94823 546
1.94826 548
1.94827 549
1.94828 550
1.94829 551
1.9483 552
1.94831 553
1.94833 554
1.94835 556
1.94836 557
1.94837 558
1.94838 559
1.94839 560
1.94841 562
1.94842 563
1.94843 564
1.94844 565
1.94846 567
1.94847 568
1.94848 569
1.9485 570
1.94852 573
1.94854 576
1.94855 577
1.94858 580
1.94859 581
1.9486 582
1.94861 583
1.94862 586
1.94863 587
1.94864 588
1.94866 591
1.94867 592
1.94868 593
1.94869 594
1.9487 595
1.94871 596
1.94872 600
1.94873 601
1.94875 603
1.94876 604
1.94877 605
1.94878 606
1.94879 607
1.9488 608
1.94881 609
1.94883 610
1.94885 613
1.94886 614
1.94887 615
1.94888 616
1.94889 617
1.94891 618
1.94892 621
1.94893 622
1.94894 623
1.94895 624
1.94896 628
1.94897 629
1.949 631
1.94902 633
1.94903 634
1.94904 635
1.94905 636
1.94906 637
1.94908 638
1.94909 639
1.9491 640
1.94911 641
1.94912 642
1.94913 643
1.94914 644
1.94917 646
1.94918 648
1.94919 651
1.9492 652
1.94921 653
1.94923 656
1.94925 658
1.94926 659
1.94927 661
1.94928 662
1.94929 663
1.9493 664
1.94931 665
1.94933 666
1.94934 667
1.94935 668
1.94936 669
1.94937 670
1.94938 671
1.94939 673
1.9494 674
1.94942 676
1.94943 677
1.94944 678
1.94945 679
1.94947 681
1.94948 682
1.9495 683
1.94951 685
1.94952 688
1.94953 691
1.94954 692
1.94955 693
1.94956 694
1.94958 697
1.94959 699
1.9496 700
1.94961 701
1.94962 703
1.94963 704
1.94964 705
1.94965 706
1.94967 707
1.94968 708
1.94969 709
1.9497 710
1.94971 711
1.94972 712
1.94973 713
1.94975 714
1.94977 716
1.94978 717
1.94979 718
1.9498 719
1.94981 720
1.94983 721
1.94984 722
1.94986 725
1.94988 727
1.94989 729
1.9499 730
1.94992 731
1.94993 733
1.94994 734
1.94995 735
1.94996 736
1.94997 737
1.94998 739
1.95 740
1.95001 741
1.95002 742
1.95003 745
1.95004 746
1.95005 747
1.95006 748
1.95008 749
1.95009 750
1.9501 753
1.95011 754
1.95012 756
1.95013 757
1.95014 758
1.95015 759
1.95017 761
1.95018 763
1.95019 764
1.9502 765
1.95021 766
1.95022 767
1.95023 768
1.95025 769
1.95026 770
1.95028 772
1.95029 774
1.9503 775
1.95031 777
1.95033 778
1.95034 780
1.95035 781
1.95036 782
1.95037 783
1.95038 784
1.95039 785
1.9504 786
1.95042 787
1.95043 789
1.95046 793
1.95047 794
1.95048 796
1.9505 798
1.95051 799
1.95052 800
1.95053 801
1.95054 802
1.95055 803
1.95056 804
1.95057 806
1.95059 807
1.9506 809
1.95061 810
1.95062 811
1.95063 812
1.95064 813
1.95065 814
1.95067 816
1.95069 819
1.9507 820
1.95071 821
1.95072 822
1.95073 823
1.95076 828
1.95078 830
1.95079 831
1.95081 833
1.95082 834
1.95084 835
1.95085 836
1.95086 837
1.95087 838
1.95089 840
1.9509 841
1.95092 842
1.95093 845
1.95094 846
1.95096 848
1.95097 849
1.95098 850
1.951 852
1.95101 853
1.95102 855
1.95103 856
1.95104 857
1.95106 859
1.95107 860
1.95109 861
1.9511 862
1.95111 863
1.95112 864
1.95113 865
1.95115 869
1.95117 871
1.95118 872
1.95119 873
1.9512 874
1.95121 875
1.95122 876
1.95123 877
1.95125 879
1.95126 881
1.95127 883
1.95129 886
1.9513 887
1.95131 888
1.95132 889
1.95134 890
1.95135 891
1.95136 892
1.95137 893
1.9514 896
1.95142 897
1.95143 898
1.95144 899
1.95145 900
1.95146 901
1.95147 902
1.95148 904
1.9515 905
1.95152 907
1.95153 908
1.95154 909
1.95155 910
1.9516 914
1.95161 915
1.95162 916
1.95164 918
1.95165 919
1.95167 920
1.95168 921
1.95169 922
1.9517 923
1.95171 924
1.95172 925
1.95173 926
1.95176 928
1.95177 929
1.95178 930
1.95179 932
1.9518 933
1.95181 934
1.95182 935
1.95184 936
1.95185 937
1.95186 938
1.95187 939
1.95188 940
1.95189 941
1.9519 943
1.95192 944
1.95194 948
1.95195 950
1.95196 951
1.95198 953
1.95199 954
1.95201 956
1.95202 958
1.95203 959
1.95204 960
1.95205 961
1.95206 962
1.95207 964
1.95209 965
1.9521 967
1.95211 968
1.95212 969
1.95214 971
1.95215 972
1.95217 973
1.95218 974
1.95219 976
1.95221 978
1.95222 979
1.95223 980
1.95224 981
1.9547 0
1.95472 2
1.95473 3
1.95475 5
1.95476 10
1.95478 19
1.95479 21
1.9548 24
1.95482 30
1.95484 34
1.95485 36
1.95486 38
1.95487 39
1.95488 40
1.95489 41
1.9549 43
1.95492 44
1.95493 45
1.95494 48
1.95495 49
1.95496 50
1.95497 52
1.95498 53
1.955 58
1.95501 59
1.95502 60
1.95503 65
1.95504 66
1.95505 68
1.95506 72
1.95507 75
1.95509 77
1.9551 80
1.95511 82
1.95512 88
1.95513 89
1.95514 92
1.95515 93
1.95517 96
1.95519 98
1.9552 102
1.95521 104
1.95522 105
1.95523 106
1.95524 107
1.95526 108
1.95527 109
1.9553 112
1.95531 113
1.95532 114
1.95534 115
1.95535 116
1.95536 117
1.95537 118
1.95538 120
1.95539 121
1.9554 122
1.95542 124
1.95544 126
1.95546 129
1.95547 131
1.95548 133
1.95549 134
1.95551 135
1.95552 138
1.95553 139
1.95554 142
1.95555 143
1.95556 144
1.95559 146
1.9556 147
1.95561 149
1.95562 151
1.95563 155
1.95564 160
1.95565 162
1.95567 164
1.95568 166
1.95569 169
1.9557 171
1.95571 172
1.95572 174
1.95573 175
1.95574 177
1.95576 178
1.95577 181
1.95578 182
1.95579 184
1.9558 185
1.95581 187
1.95582 188
1.95584 189
1.95585 190
1.95586 191
1.95587 193
1.95588 194
1.95589 197
1.9559 198
1.95593 200
1.95594 201
1.95597 204
1.95598 207
1.95599 208
1.95601 209
1.95602 210
1.95603 211
1.95604 212
1.95606 214
1.95607 216
1.95609 217
1.9561 218
1.95611 219
1.95612 220
1.95613 221
1.95614 222
1.95615 223
1.95618 225
1.95619 226
1.9562 227
1.95621 228
1.95622 230
1.95623 231
1.95624 232
1.95626 233
1.95627 234
1.95628 235
1.95629 236
1.9563 238
1.95631 239
1.95632 240
1.95634 241
1.95635 242
1.95636 244
1.95637 245
1.95638 246
1.95639 247
1.9564 248
1.95643 251
1.95645 254
1.95646 255
1.95648 257
1.95649 258
1.95651 259
1.95652 260
1.95653 261
1.95655 263
1.95657 265
1.95659 266
1.9566 267
1.95661 268
1.95662 269
1.95663 270
1.95664 272
1.95665 274
1.95666 275
1.95668 276
1.95669 277
1.9567 279
1.95671 280
1.95672 281
1.95673 282
1.95674 283
1.95676 284
1.95677 286
1.95678 287
1.95679 289
1.9568 290
1.95681 291
1.95682 292
1.95685 298
1.95686 299
1.95687 300
1.95688 301
1.95689 302
1.95691 305
1.95693 306
1.95694 308
1.95695 309
1.95697 311
1.95698 312
1.95699 314
1.95701 315
1.95702 316
1.95704 318
1.95705 319
1.95709 323
1.9571 324
1.95712 328
1.95713 330
1.95714 331
1.95715 332
1.95716 333
1.95718 334
1.95719 335
1.9572 336
1.95721 337
1.95723 340
1.95724 342
1.95726 344
1.95727 345
1.95728 346
1.95729 349
1.9573 351
1.95731 353
1.95732 355
1.95734 357
1.95735 358
1.95736 359
1.95737 360
1.95739 362
1.9574 364
1.95741 365
1.95744 367
1.95746 371
1.95747 372
1.95748 373
1.95749 374
1.95751 375
1.95752 376
1.95753 377
1.95754 378
1.95755 380
1.95756 381
1.95757 382
1.95759 383
1.9576 384
1.95762 387
1.95763 388
1.95764 389
1.95765 390
1.95766 391
1.95768 392
1.95769 394
1.9577 395
1.95772 397
1.95773 398
1.95774 400
1.95776 408
1.95777 409
1.95778 411
1.95779 412
1.9578 415
1.95781 417
1.95782 418
1.95784 419
1.95786 421
1.95787 422
1.95788 423
1.95789 424
1.9579 425
1.95791 427
1.95793 429
1.95794 430
1.95797 433
1.95798 434
1.95799 435
1.95801 436
1.95802 437
1.95803 438
1.95804 439
1.95805 440
1.95806 441
1.95807 442
1.95808 443
1.9581 444
1.95811 446
1.95812 450
1.95813 451
1.95814 453
1.95815 455
1.95816 456
1.95819 458
1.9582 459
1.95821 460
1.95822 461
1.95823 462
1.95824 463
1.95826 464
1.95827 466
1.95828 467
1.95829 468
1.9583 469
1.95831 470
1.95832 471
1.95833 472
1.95835 473
1.95836 474
1.95837 476
1.95838 477
1.95839 479
1.9584 480
1.95841 482
1.95844 484
1.95845 485
1.95846 486
1.95847 487
1.95848 488
1.95849 489
1.95852 491
1.95853 492
1.95854 493
1.95855 494
1.95856 495
1.95857 496
1.95858 498
1.95861 502
1.95862 503
1.95863 504
1.95864 505
1.95865 506
1.95866 507
1.95868 508
1.95869 510
1.9587 511
1.95871 512
1.95872 513
1.95873 514
1.95874 515
1.95877 518
1.95878 519
1.95879 520
1.9588 521
1.95881 522
1.95882 523
1.95883 525
1.95885 526
1.95886 527
1.95887 528
1.95889 530
1.9589 531
1.95891 532
1.95893 534
1.95894 535
1.95896 537
1.95897 538
1.95898 539
1.95901 541
1.95902 542
1.95903 544
1.95904 545
1.95907 548
1.95908 549
1.9591 550
1.95911 551
1.95912 552
1.95913 553
1.95915 555
1.95916 556
1.95918 557
1.9592 559
1.95921 560
1.95922 562
1.95923 563
1.95924 564
1.95927 566
1.95928 567
1.95929 568
1.95931 570
1.95932 572
1.95933 573
1.95936 576
1.95938 578
1.95939 580
1.9594 581
1.95941 582
1.95943 583
1.95944 586
1.95945 587
1.95946 588
1.95948 592
1.95949 593
1.9595 594
1.95952 595
1.95954 600
1.95955 601
1.95956 603
1.95957 604
1.95961 607
1.95963 609
1.95964 610
1.95966 613
1.95968 614
1.95969 615
1.9597 616
1.95971 617
1.95972 618
1.95974 622
1.95975 623
1.95977 624
1.95978 628
1.95979 629
1.9598 630
1.95981 631
1.95982 632
1.95983 633
1.95986 635
1.95987 636
1.95989 638
1.9599 639
1.95991 640
1.95993 641
1.95996 644
1.95997 645
1.95998 646
1.95999 648
1.96002 652
1.96005 656
1.96007 659
1.9601 662
1.96011 663
1.96013 665
1.96014 666
1.96015 667
1.96016 668
1.96018 669
1.96019 670
1.9602 671
1.96021 673
1.96022 674
1.96023 676
1.96024 677
1.96025 678
1.96027 679
1.96028 680
1.96031 683
1.96032 685
1.96033 688
1.96035 691
1.96036 692
1.96037 693
1.96038 694
1.96039 697
1.9604 699
1.96043 701
1.96044 703
1.96045 704
1.96046 705
1.96047 706
1.96048 707
1.96049 708
1.9605 709
1.96052 710
1.96053 711
1.96054 712
1.96055 713
1.96056 714
1.96057 715
1.96058 716
1.9606 717
1.96061 718
1.96063 720
1.96064 721
1.96065 722
1.96066 724
1.96068 725
1.96069 726
1.9607 727
1.96071 729
1.96072 730
1.96073 731
1.96077 735
1.96078 736
1.96079 737
1.9608 739
1.96081 740
1.96082 741
1.96083 742
1.96085 745
1.96086 746
1.96087 747
1.96088 748
1.96089 749
1.9609 750
1.96091 753
1.96092 754
1.96094 756
1.96095 757
1.96096 758
1.96097 759
1.96098 761
1.96099 763
1.961 764
1.96102 765
1.96103 766
1.96104 767
1.96105 768
1.96106 769
1.96107 770
1.96108 771
1.9611 772
1.96111 774
1.96112 775
1.96113 777
1.96114 778
1.96115 780
1.96116 781
1.96117 782
1.9612 784
1.96121 785
1.96122 786
1.96123 787
1.96124 789
1.96125 790
1.96127 792
1.96128 793
1.96129 794
1.9613 796
1.96131 798
1.96132 799
1.96133 800
1.96135 801
1.96136 802
1.96137 803
1.96138 804
1.96139 806
1.96141 809
1.96142 810
1.96144 811
1.96145 812
1.96146 813
1.96147 814
1.96148 816
1.96149 817
1.9615 819
1.96152 820
1.96153 821
1.96154 822
1.96155 823
1.96156 825
1.9616 830
1.96161 831
1.96162 832
1.96163 833
1.96166 836
1.96167 837
1.96169 838
1.96172 841
1.96173 842
1.96174 845
1.96175 846
1.96178 848
1.96179 849
1.9618 850
1.96182 853
1.96183 855
1.96185 856
1.96187 858
1.96188 859
1.96189 860
1.9619 861
1.96191 862
1.96192 863
1.96194 864
1.96195 865
1.96196 867
1.96197 869
1.96198 871
1.96199 872
1.962 873
1.96202 874
1.96203 875
1.96204 876
1.96205 877
1.96206 879
1.96208 883
1.9621 885
1.96211 886
1.96212 887
1.96213 888
1.96214 889
1.96215 890
1.96216 891
1.96217 892
1.9622 894
1.96221 895
1.96222 896
1.96223 897
1.96224 898
1.96225 899
1.96227 900
1.96228 901
1.96229 902
1.9623 904
1.96231 905
1.96232 906
1.96233 907
1.96234 908
1.96236 909
1.96237 910
1.96238 911
1.96241 914
1.96242 915
1.96244 916
1.96245 917
1.96246 918
1.96247 919
1.96248 920
1.96249 921
1.9625 922
1.96252 923
1.96253 924
1.96254 925
1.96255 926
1.96256 927
1.96257 928
1.96258 929
1.96259 930
1.96261 932
1.96263 934
1.96264 935
1.96265 936
1.96267 938
1.96269 939
1.9627 940
1.96273 944
1.96274 946
1.96275 948
1.96278 951
1.96279 952
1.9628 953
1.96281 954
1.96282 956
1.96283 958
1.96284 959
1.96286 960
1.96287 961
1.96288 962
1.96289 964
1.9629 965
1.96291 967
1.96292 968
1.96294 969
1.96295 970
1.96296 971
1.96297 972
1.96298 973
1.96299 974
1.963 976
1.96302 977
1.96303 978
1.96304 979
1.96305 980
1.96306 981
1.96307 982
1.96308 983
1.96309 984
1.96311 985
1.96312 986
1.96314 990
1.96315 991
1.96316 993
1.96317 994
1.96319 995
1.9632 996
1.96321 997
1.96322 998
1.96323 999
1.96324 1001
1.96327 1003
1.96328 1005
1.96329 1007
1.9633 1008
1.96331 1009
1.96332 1010
1.96333 1012
1.96334 1013
1.96336 1014
1.96337 1015
1.96338 1017
1.9634 1019
1.96341 1020
1.96342 1022
1.96344 1023
1.96345 1024
1.96346 1026
1.96347 1027
1.96349 1029
1.9635 1030
1.96352 1031
1.96353 1032
1.96355 1034
1.96356 1035
1.96357 1036
1.96358 1037
1.96359 1038
1.96361 1039
1.96362 1040
1.96364 1043
1.96365 1044
1.96366 1046
1.96367 1047
1.96369 1050
1.9637 1051
1.96371 1052
1.96372 1053
1.96373 1054
1.96374 1055
1.96375 1056
1.96376 1057
1.96378 1058
1.96379 1059
1.9638 1060
1.96381 1062
1.96382 1063
1.96383 1064
1.96386 1068
1.96581 1
1.96582 2
1.96584 10
1.96586 18
1.96587 19
1.96588 21
1.96589 24
1.9659 34
1.96591 36
1.96592 38
1.96594 40
1.96595 43
1.96596 44
1.96597 45
1.96598 49
1.966 52
1.96602 53
1.96603 58
1.96605 60
1.96606 65
1.96607 66
1.96608 68
1.96609 72
1.96611 77
1.96612 80
1.96613 82
1.96614 88
1.96615 89
1.96616 92
1.96617 93
1.96619 97
1.9662 98
1.96621 104
1.96622 106
1.96623 107
1.96624 108
1.96625 109
1.96627 110
1.96628 112
1.96629 113
1.9663 114
1.96631 115
1.96632 116
1.96633 117
1.96634 118
1.96636 121
1.96637 122
1.96638 124
1.96639 125
1.96641 129
1.96642 131
1.96644 133
1.96645 134
1.96646 135
1.96647 138
1.96648 139
1.96649 142
1.9665 143
1.96653 145
1.96655 149
1.96657 155
1.96658 160
1.96659 162
1.96661 164
1.96662 166
1.96663 169
1.96664 171
1.96665 174
1.96667 177
1.96669 178
1.96671 182
1.96672 184
1.96673 185
1.96675 188
1.96677 189
1.96678 190
1.96679 191
1.96681 198
1.96682 199
1.96683 201
1.96684 204
1.96686 207
1.96687 208
1.96688 209
1.96689 211
1.96691 213
1.96692 214
1.96694 216
1.96696 218
1.96697 219
1.96698 220
1.96699 221
1.967 222
1.96701 223
1.96703 224
1.96704 225
1.96705 227
1.96708 232
1.96709 233
1.96711 234
1.96712 235
1.96713 236
1.96715 239
1.96716 240
1.96717 241
1.96719 242
1.9672 245
1.96721 246
1.96722 247
1.96723 248
1.96724 249
1.96725 251
1.96726 253
1.96728 254
1.96729 256
1.9673 257
1.96731 258
1.96732 259
1.96733 260
1.96734 261
1.96736 263
1.96737 265
1.96738 266
1.96739 267
1.9674 268
1.96741 269
1.96742 270
1.96744 272
1.96746 275
1.96747 276
1.96748 277
1.96749 279
1.9675 280
1.96751 281
1.96753 282
1.96754 283
1.96755 284
1.96756 286
1.96757 287
1.96758 289
1.96759 290
1.96761 292
1.96762 300
1.96763 301
1.96764 302
1.96765 303
1.96766 305
1.96767 306
1.96769 308
1.9677 309
1.96771 310
1.96773 312
1.96774 314
1.96775 315
1.96776 316
1.96778 317
1.96779 318
1.9678 319
1.96782 322
1.96783 323
1.96784 324
1.96786 327
1.96787 328
1.96788 330
1.96789 331
1.9679 332
1.96791 333
1.96792 334
1.96795 336
1.96796 337
1.96797 339
1.96798 340
1.96799 342
1.968 344
1.96801 345
1.96803 346
1.96804 349
1.96805 351
1.96806 353
1.96807 355
1.96808 357
1.96809 358
1.96811 359
1.96812 360
1.96814 362
1.96816 365
1.96817 366
1.96819 367
1.9682 368
1.96821 371
1.96822 372
1.96823 373
1.96824 374
1.96825 375
1.96826 376
1.96828 377
1.96829 378
1.9683 380
1.96831 381
1.96832 382
1.96833 383
1.96834 384
1.96836 386
1.96837 387
1.96838 388
1.96839 389
1.9684 390
1.96841 391
1.96843 394
1.96845 395
1.96846 396
1.96847 397
1.96848 398
1.96849 400
1.9685 408
1.96851 409
1.96853 411
1.96854 412
1.96856 417
1.96857 418
1.96858 419
1.96859 420
1.96861 421
1.96862 422
1.96863 423
1.96864 424
1.96866 427
1.96867 429
1.96868 430
1.9687 431
1.96871 432
1.96872 433
1.96873 434
1.96874 435
1.96875 436
1.96876 437
1.96878 438
1.96879 439
1.9688 440
1.96881 441
1.96882 442
1.96883 443
1.96884 444
1.96886 446
1.96887 450
1.96888 451
1.96889 453
1.9689 455
1.96892 457
1.96893 458
1.96895 459
1.96896 460
1.96897 461
1.96898 462
1.96899 463
1.969 464
1.96901 466
1.96904 468
1.96905 469
1.96906 470
1.96908 472
1.96909 473
1.96911 474
1.96912 476
1.96913 477
1.96914 479
1.96915 480
1.96916 482
1.96917 483
1.96918 484
1.9692 485
1.96921 486
1.96922 487
1.96923 488
1.96924 489
1.96925 490
1.96928 492
1.96929 493
1.9693 494
1.96931 495
1.96932 496
1.96933 498
1.96934 500
1.96936 502
1.96937 503
1.96938 504
1.96939 505
1.9694 506
1.96941 507
1.96943 510
1.96945 511
1.96946 512
1.96947 513
1.96949 515
1.9695 516
1.96951 518
1.96953 519
1.96954 520
1.96955 521
1.96956 522
1.96957 523
1.96958 525
1.96959 526
1.96962 528
1.96963 529
1.96964 530
1.96965 531
1.96966 532
1.96967 534
1.96968 535
1.9697 536
1.96971 537
1.96972 538
1.96973 539
1.96974 540
1.96975 541
1.96976 542
1.96978 544
1.96979 545
1.96981 547
1.96982 548
1.96983 549
1.96984 550
1.96985 551
1.96987 552
1.96988 553
1.96989 554
1.9699 555
1.96991 556
1.96992 557
1.96993 558
1.96995 559
1.96996 560
1.96997 562
1.96998 563
1.96999 564
1.97 565
1.97001 566
1.97003 567
1.97005 569
1.97006 570
1.97007 572
1.97009 575
1.9701 576
1.97012 577
1.97013 578
1.97014 580
1.97015 581
1.97017 583
1.97018 586
1.9702 587
1.97021 588
1.97023 592
1.97024 593
1.97025 594
1.97029 600
1.9703 601
1.97031 603
1.97032 604
1.97033 605
1.97034 606
1.97035 607
1.97037 608
1.97038 609
1.97039 610
1.9704 611
1.97041 613
1.97042 614
1.97045 616
1.97047 618
1.97048 621
1.97049 622
1.9705 623
1.97051 624
1.97053 628
1.97054 629
1.97055 630
1.97056 631
1.97057 632
1.97058 633
1.97059 634
1.9706 635
1.97062 636
1.97063 637
1.97064 638
1.97065 639
1.97066 640
1.97067 641
1.97068 642
1.9707 643
1.97071 644
1.97072 645
1.97074 648
1.97075 651
1.97076 652
1.97078 653
1.97079 654
1.9708 656
1.97081 658
1.97083 661
1.97084 662
1.97085 663
1.97087 664
1.97088 665
1.97089 666
1.9709 667
1.97091 668
1.97092 669
1.97095 671
1.97096 673
1.97097 674
1.97098 676
1.97099 677
1.971 678
1.97101 679
1.97103 680
1.97104 681
1.97105 682
1.97106 683
1.97107 685
1.97109 691
1.9711 692
1.97113 694
1.97114 697
1.97116 700
1.97117 701
1.97118 703
1.9712 704
1.97121 705
1.97122 706
1.97123 707
1.97124 708
1.97125 709
1.97126 710
1.97127 711
1.9713 713
1.97131 714
1.97132 715
1.97133 716
1.97134 717
1.97135 718
1.97137 719
1.97138 720
1.97139 721
1.9714 722
1.97141 724
1.97143 726
1.97145 727
1.97148 731
1.97149 733
1.9715 734
1.97151 735
1.97152 736
1.97154 737
1.97155 739
1.97156 740
1.97157 741
1.97158 742
1.97159 745
1.97162 747
1.97163 748
1.97164 749
1.97165 750
1.97166 753
1.97167 754
1.97168 756
1.9717 757
1.97171 758
1.97172 759
1.97173 761
1.97174 763
1.97175 764
1.97176 765
1.97177 766
1.97179 767
1.9718 768
1.97181 769
1.97182 770
1.97183 771
1.97184 772
1.97185 774
1.97187 775
1.97188 777
1.97189 778
1.9719 780
1.97191 781
1.97192 782
1.97193 783
1.97195 784
1.97196 785
1.97197 786
1.97198 787
1.97199 789
1.972 790
1.97201 792
1.97202 793
1.97204 794
1.97205 796
1.97206 798
1.97207 799
1.97208 800
1.97209 801
1.9721 802
1.97212 803
1.97213 804
1.97215 807
1.97216 809
1.97217 810
1.97218 811
1.9722 812
1.97221 813
1.97222 814
1.97223 816
1.97226 820
1.97229 822
1.9723 823
1.97231 825
1.97232 828
1.97233 829
1.97234 830
1.97235 831
1.97238 833
1.97239 834
1.9724 835
1.97241 836
1.97242 837
1.97243 838
1.97245 839
1.97247 841
1.97248 842
1.97249 845
1.9725 846
1.97251 847
1.97252 848
1.97254 849
1.97255 850
1.97256 852
1.97257 853
1.97258 855
1.9726 857
1.97262 858
1.97263 859
1.97264 860
1.97265 861
1.97266 862
1.97267 863
1.97268 864
1.97271 867
1.97274 872
1.97275 873
1.97276 874
1.97277 875
1.97279 876
1.97282 881
1.97283 883
1.97284 885
1.97285 886
1.97287 887
1.97288 888
1.97289 889
1.97291 891
1.97292 892
1.97293 893
1.97294 894
1.97296 895
1.97297 896
1.97299 898
1.973 899
1.97301 900
1.97302 901
1.97304 902
1.97305 904
1.97306 905
1.97307 906
1.97308 907
1.97309 908
1.9731 909
1.97312 910
1.97313 911
1.97314 912
1.97315 913
1.97316 914
1.97317 915
1.97318 916
1.97319 917
1.97321 918
1.97322 919
1.97323 920
1.97324 921
1.97325 922
1.97327 924
1.97329 925
1.9733 926
1.97331 927
1.97332 928
1.97334 930
1.97335 932
1.97337 933
1.97338 934
1.97339 935
1.9734 936
1.97341 937
1.97342 938
1.97343 939
1.97344 940
1.97346 941
1.97347 943
1.97348 944
1.9735 948
1.97351 950
1.97352 951
1.97354 952
1.97355 953
1.97356 954
1.97357 956
1.97358 958
1.97359 959
1.97362 961
1.97363 962
1.97364 964
1.97365 965
1.97366 967
1.97367 968
1.97368 969
1.97369 970
1.97371 971
1.97372 972
1.97373 973
1.97374 974
1.97375 976
1.97376 977
1.97379 979
1.9738 980
1.97381 981
1.97382 982
1.97383 983
1.97384 984
1.97385 985
1.97387 986
1.97388 989
1.97389 990
1.9739 991
1.97391 993
1.97392 994
1.97393 995
1.97394 996
1.97396 997
1.97397 998
1.97398 999
1.97399 1001
1.974 1002
1.97401 1003
1.97404 1007
1.97405 1008
1.97406 1009
1.97407 1010
1.97408 1012
1.97411 1015
1.97413 1017
1.97414 1018
1.97415 1019
1.97416 1020
1.97417 1022
1.97418 1023
1.97419 1024
1.97421 1026
1.97422 1027
1.97423 1028
1.97425 1030
1.97426 1031
1.97427 1032
1.97429 1033
1.9743 1034
1.97431 1035
1.97432 1036
1.97433 1037
1.97434 1038
1.97435 1039
1.97436 1040
1.97438 1042
1.97439 1043
1.9744 1044
1.97441 1046
1.97442 1047
1.97443 1050
1.97444 1051
1.97446 1052
1.97447 1053
1.97448 1054
1.97449 1055
1.9745 1056
1.97451 1057
1.97452 1058
1.97454 1059
1.97455 1060
1.97456 1062
1.97457 1063
1.97458 1064
1.97459 1065
1.9746 1068
1.97461 1069
1.97464 1073
1.97465 1074
1.97466 1075
1.97467 1077
1.97468 1079
1.97469 1080
1.97471 1081
1.97472 1082
1.97473 1083
1.97474 1084
1.97475 1085
1.97476 1086
1.97477 1087
1.97479 1089
1.97481 1092
1.97482 1093
1.97483 1094
1.97484 1095
1.97485 1096
1.97486 1097
1.97488 1098
1.97489 1099
1.9749 1100
1.97491 1101
1.97492 1104
1.97493 1105
1.97494 1108
1.97496 1109
1.97497 1110
1.97498 1111
1.97499 1112
1.975 1113
1.97501 1114
1.97502 1115
1.97504 1116
1.97505 1117
1.97506 1118
1.97507 1119
1.97508 1120
1.97509 1121
1.9751 1122
1.97511 1123
1.97513 1124
1.97514 1125
1.97515 1128
1.97516 1129
1.97517 1130
1.97522 1135
1.97692 1
1.97693 2
1.97694 10
1.97696 18
1.97697 19
1.97698 24
1.977 36
1.97701 38
1.97702 40
1.97704 43
1.97706 49
1.97707 50
1.97708 52
1.97709 53
1.9771 58
1.97713 60
1.97714 65
1.97715 66
1.97716 68
1.97717 72
1.97718 77
1.97719 80
1.97721 82
1.97722 88
1.97723 89
1.97724 92
1.97725 93
1.97726 97
1.97727 98
1.97729 106
1.9773 107
1.97731 108
1.97732 109
1.97733 110
1.97734 112
1.97735 113
1.97736 114
1.97738 115
1.97739 116
1.9774 117
1.97741 122
1.97742 124
1.97743 125
1.97744 127
1.97746 129
1.97747 133
1.97748 134
1.97749 138
1.9775 139
1.97751 142
1.97752 143
1.97754 144
1.97755 145
1.97756 149
1.97757 151
1.97758 155
1.97759 160
1.97761 164
1.97763 171
1.97764 174
1.97765 175
1.97766 177
1.97767 178
1.97768 182
1.97769 184
1.97771 187
1.97772 188
1.97773 189
1.97775 191
1.97776 199
1.97777 201
1.97779 204
1.9778 207
1.97781 208
1.97783 211
1.97784 212
1.97785 213
1.97786 216
1.97788 217
1.97789 218
1.9779 219
1.97791 220
1.97792 221
1.97793 223
1.97794 224
1.97796 225
1.97797 227
1.97798 228
1.97799 230
1.978 232
1.97801 233
1.97802 234
1.97805 239
1.97806 241
1.97807 242
1.97808 245
1.97809 248
1.9781 249
1.97811 251
1.97813 253
1.97814 254
1.97815 256
1.97816 257
1.97818 259
1.97819 260
1.97821 261
1.97822 263
1.97823 265
1.97824 267
1.97825 268
1.97827 270
1.97829 272
1.9783 274
1.97832 276
1.97833 277
1.97834 280
1.97835 281
1.97836 282
1.97838 283
1.9784 286
1.97841 287
1.97842 289
1.97844 292
1.97847 303
1.97848 305
1.97849 306
1.9785 309
1.97851 310
1.97852 311
1.97854 312
1.97855 314
1.97856 315
1.97857 316
1.97858 317
1.97859 319
1.9786 321
1.97861 322
1.97863 323
1.97864 324
1.97865 327
1.97866 328
1.97867 330
1.97868 331
1.97869 333
1.97871 334
1.97872 335
1.97873 337
1.97874 339
1.97875 342
1.97877 346
1.97878 349
1.9788 351
1.97881 355
1.97882 357
1.97883 358
1.97884 359
1.97885 360
1.97886 361
1.97889 364
1.9789 365
1.97891 366
1.97892 367
1.97893 371
1.97894 372
1.97897 375
1.97898 378
1.97899 380
1.979 381
1.97901 382
1.97902 383
1.97905 386
1.97907 389
1.97908 390
1.97909 391
1.9791 392
1.97911 394
1.97913 395
1.97914 397
1.97915 398
1.97916 400
1.97917 408
1.97918 409
1.97919 411
1.97921 412
1.97923 417
1.97924 418
1.97925 419
1.97926 420
1.97927 421
1.97928 422
1.9793 423
1.97931 424
1.97932 425
1.97933 427
1.97934 429
1.97935 430
1.97936 431
1.97938 432
1.97939 433
1.9794 434
1.97941 435
1.97942 436
1.97944 438
1.97946 439
1.97947 440
1.97948 441
1.97949 442
1.9795 443
1.97951 444
1.97952 446
1.97953 450
1.97955 451
1.97956 453
1.97957 455
1.97958 456
1.97959 457
1.9796 458
1.97961 459
1.97963 460
1.97964 461
1.97965 462
1.97966 463
1.97967 464
1.97968 466
1.97969 467
1.97971 468
1.97972 469
1.97976 473
1.97977 474
1.97978 476
1.9798 477
1.97981 479
1.97982 480
1.97983 482
1.97984 483
1.97985 484
1.97986 485
1.97988 486
1.97989 487
1.9799 488
1.97991 489
1.97992 490
1.97993 491
1.97994 492
1.97996 493
1.97997 494
1.97999 496
1.98 498
1.98001 500
1.98002 502
1.98003 503
1.98005 504
1.98006 505
1.98007 506
1.98008 507
1.98009 508
1.9801 510
1.98011 511
1.98013 512
1.98014 513
1.98015 514
1.98016 515
1.98017 516
1.98018 518
1.98019 519
1.9802 520
1.98022 521
1.98023 522
1.98024 523
1.98026 526
1.98027 527
1.98028 528
1.9803 529
1.98031 530
1.98032 531
1.98033 532
1.98034 534
1.98035 535
1.98036 536
1.98039 538
1.9804 539
1.98041 540
1.98042 541
1.98043 542
1.98044 544
1.98045 545
1.98047 546
1.98048 547
1.98049 548
1.9805 549
1.98051 550
1.98052 551
1.98053 552
1.98055 553
1.98056 554
1.98057 555
1.98058 556
1.98059 557
1.9806 558
1.98061 559
1.98063 560
1.98065 563
1.98066 564
1.98067 565
1.98068 566
1.98069 567
1.9807 568
1.98072 569
1.98073 570
1.98074 572
1.98075 573
1.98076 575
1.98077 576
1.98078 577
1.9808 578
1.98081 580
1.98082 581
1.98083 582
1.98084 583
1.98085 586
1.98088 588
1.98089 591
1.9809 592
1.98091 593
1.98093 595
1.98095 600
1.98097 601
1.98098 603
1.98099 604
1.981 605
1.98101 606
1.98102 607
1.98103 608
1.98106 610
1.98107 611
1.98108 613
1.98109 614
1.9811 615
1.98111 616
1.98113 617
1.98114 618
1.98115 621
1.98117 623
1.98118 624
1.98119 628
1.9812 629
1.98122 630
1.98123 631
1.98124 632
1.98125 633
1.98126 634
1.98127 635
1.9813 637
1.98131 638
1.98132 639
1.98133 640
1.98134 641
1.98135 642
1.98138 644
1.98139 645
1.98141 648
1.98142 651
1.98143 652
1.98144 653
1.98145 654
1.98147 656
1.98148 658
1.98149 659
1.9815 661
1.98151 662
1.98152 663
1.98153 664
1.98155 665
1.98156 666
1.98157 667
1.98158 668
1.98159 669
1.9816 670
1.98161 671
1.98162 673
1.98164 674
1.98168 679
1.98169 680
1.9817 681
1.98172 682
1.98173 683
1.98174 685
1.98176 691
1.98177 692
1.98178 693
1.9818 694
1.98181 697
1.98182 699
1.98183 700
1.98184 701
1.98185 703
1.98186 704
1.98187 705
1.98189 706
1.9819 707
1.98191 708
1.98192 709
1.98194 711
1.98195 712
1.98197 713
1.98198 714
1.98199 715
1.982 716
1.98201 717
1.98202 718
1.98203 719
1.98205 720
1.98207 722
1.98208 724
1.98209 725
1.98211 727
1.98212 729
1.98214 730
1.98215 731
1.98216 733
1.98217 734
1.98218 735
1.98219 736
1.9822 737
1.98222 739
1.98223 740
1.98224 741
1.98226 745
1.98228 747
1.9823 748
1.98231 749
1.98232 750
1.98233 753
1.98234 754
1.98235 756
1.98236 757
1.98237 758
1.98239 759
1.9824 761
1.98241 763
1.98242 764
1.98243 765
1.98244 766
1.98245 767
1.98247 768
1.98248 769
1.98249 770
1.9825 771
1.98251 772
1.98252 774
1.98253 775
1.98255 777
1.98256 778
1.98257 780
1.98258 781
1.98259 782
1.98261 784
1.98262 785
1.98264 786
1.98265 787
1.98266 789
1.98267 790
1.98268 792
1.98269 793
1.9827 794
1.98272 796
1.98273 798
1.98275 800
1.98276 801
1.98277 802
1.98278 803
1.9828 804
1.98281 806
1.98282 807
1.98283 809
1.98284 810
1.98285 811
1.98286 812
1.98287 813
1.98289 814
1.9829 816
1.98291 817
1.98292 819
1.98293 820
1.98294 821
1.98295 822
1.98297 823
1.98299 828
1.983 829
1.98301 830
1.98302 831
1.98303 832
1.98304 833
1.98307 835
1.98308 836
1.98309 837
1.9831 838
1.98311 839
1.98312 840
1.98314 841
1.98316 845
1.98317 846
1.98318 847
1.98319 848
1.9832 849
1.98322 850
1.98323 852
1.98324 853
1.98325 855
1.98326 856
1.98327 857
1.98328 858
1.98329 859
1.98331 860
1.98332 861
1.98333 862
1.98334 863
1.98335 864
1.98336 865
1.98337 867
1.98339 869
1.9834 871
1.98341 872
1.98342 873
1.98343 874
1.98344 875
1.98345 876
1.98347 877
1.98348 879
1.98349 881
1.9835 883
1.98351 885
1.98352 886
1.98353 887
1.98354 888
1.98356 889
1.98357 890
1.98358 891
1.98359 892
1.9836 893
1.98361 894
1.98362 895
1.98364 896
1.98365 897
1.98367 899
1.98369 901
1.9837 902
1.98372 904
1.98373 905
1.98374 906
1.98375 907
1.98376 908
1.98377 909
1.98378 910
1.98381 912
1.98382 913
1.98383 914
1.98384 915
1.98386 917
1.98387 918
1.98389 919
1.9839 920
1.98391 921
1.98392 922
1.98393 923
1.98394 924
1.98397 926
1.98398 927
1.98399 928
1.98401 930
1.98402 932
1.98403 933
1.98404 934
1.98406 935
1.98407 936
1.98408 937
1.98409 938
1.9841 939
1.98411 940
1.98412 941
1.98414 943
1.98415 944
1.98416 946
1.98417 948
1.98418 950
1.98419 951
1.9842 952
1.98422 953
1.98423 954
1.98424 956
1.98425 958
1.98426 959
1.98427 960
1.98428 961
1.98429 962
1.98431 964
1.98432 965
1.98434 968
1.98435 969
1.98436 970
1.98437 971
1.98439 972
1.9844 973
1.98441 974
1.98443 977
1.98445 979
1.98446 980
1.98448 981
1.98449 982
1.9845 983
1.98452 985
1.98453 986
1.98454 989
1.98456 990
1.98459 994
1.9846 995
1.98461 996
1.98462 997
1.98464 998
1.98466 1001
1.98467 1002
1.98468 1003
1.9847 1007
1.98471 1008
1.98473 1009
1.98474 1010
1.98475 1012
1.98476 1013
1.98477 1014
1.98478 1015
1.98481 1018
1.98483 1020
1.98484 1022
1.98485 1023
1.98486 1024
1.98487 1026
1.98489 1027
1.9849 1028
1.98491 1029
1.98492 1030
1.98493 1031
1.98494 1032
1.98495 1033
1.98496 1034
1.98498 1035
1.98499 1036
1.985 1037
1.98501 1038
1.98502 1039
1.98503 1040
1.98504 1042
1.98506 1043
1.98507 1044
1.98508 1046
1.98509 1047
1.9851 1050
1.98511 1051
1.98512 1052
1.98514 1053
1.98515 1054
1.98516 1055
1.98517 1056
1.98518 1057
1.98519 1058
1.9852 1059
1.98521 1060
1.98523 1062
1.98524 1063
1.98525 1064
1.98526 1065
1.98528 1069
1.98529 1071
1.98531 1073
1.98532 1074
1.98533 1075
1.98534 1077
1.98535 1079
1.98536 1080
1.98537 1081
1.98539 1082
1.9854 1083
1.98541 1084
1.98542 1085
1.98543 1086
1.98544 1087
1.98545 1089
1.98546 1091
1.98548 1092
1.98549 1093
1.9855 1094
1.98551 1095
1.98552 1096
1.98553 1097
1.98554 1098
1.98556 1099
1.98557 1100
1.98558 1101
1.98559 1104
1.9856 1105
1.98561 1108
1.98562 1109
1.98564 1110
1.98565 1111
1.98566 1112
1.98567 1113
1.98568 1114
1.98569 1115
1.9857 1116
1.98571 1117
1.98573 1118
1.98574 1119
1.98575 1120
1.98576 1121
1.98577 1122
1.98578 1123
1.98579 1124
1.98581 1125
1.98582 1128
1.98584 1130
1.98585 1131
1.98586 1133
1.98587 1134
1.98588 1135
1.98803 1
1.98804 2
1.98807 18
1.98808 19
1.9881 34
1.98811 40
1.98812 43
1.98814 49
1.98815 50
1.98816 52
1.98817 59
1.98818 65
1.98819 66
1.98821 72
1.98823 77
1.98824 80
1.98825 88
1.98827 92
1.98828 93
1.98829 97
1.98831 98
1.98832 106
1.98833 107
1.98834 108
1.98835 109
1.98836 110
1.98837 112
1.98839 113
1.9884 114
1.98841 115
1.98842 116
1.98843 117
1.98844 122
1.98845 124
1.98846 125
1.98848 127
1.98849 129
1.9885 133
1.98851 138
1.98852 139
1.98853 142
1.98854 144
1.98856 145
1.98857 149
1.98858 162
1.98859 164
1.9886 171
1.98861 174
1.98862 175
1.98865 187
1.98866 188
1.98867 189
1.98868 190
1.98869 191
1.9887 199
1.98871 204
1.98875 209
1.98876 211
1.98877 212
1.98878 213
1.98879 217
1.98881 218
1.98883 220
1.98884 221
1.98885 223
1.98886 224
1.98889 227
1.9889 228
1.98891 230
1.98892 232
1.98893 233
1.98894 234
1.98896 239
1.98898 241
1.98899 242
1.98901 248
1.98902 251
1.98903 254
1.98904 256
1.98906 257
1.98907 258
1.98908 259
1.9891 261
1.98912 267
1.98913 268
1.98915 269
1.98916 270
1.98917 272
1.98919 276
1.9892 277
1.98921 282
1.98923 283
1.98924 286
1.98926 290
1.98927 292
1.98928 303
1.98929 305
1.98932 309
1.98933 310
1.98935 314
1.98936 315
1.98938 317
1.9894 319
1.98942 322
1.98943 324
1.98944 327
1.98945 328
1.98946 330
1.98949 333
1.9895 334
1.98951 335
1.98952 337
1.98954 342
1.98956 344
1.98957 346
1.98958 351
1.98959 355
1.9896 358
1.98961 359
1.98962 360
1.98963 362
1.98965 364
1.98966 366
1.98967 367
1.98969 372
1.9897 373
1.98971 375
1.98973 378
1.98974 380
1.98975 381
1.98976 382
1.98977 383
1.98978 386
1.98981 389
1.98982 390
1.98983 391
1.98984 392
1.98985 394
1.98986 395
1.98988 400
1.9899 408
1.98991 409
1.98992 411
1.98993 412
1.98994 415
1.98995 417
1.98996 418
1.99 422
1.99001 423
1.99002 424
1.99003 425
1.99004 427
1.99006 429
1.99007 430
1.99008 431
1.99009 432
1.9901 433
1.99011 434
1.99012 435
1.99013 436
1.99015 437
1.99016 438
1.99017 439
1.99018 441
1.99019 442
1.9902 443
1.99021 444
1.99023 446
1.99024 450
1.99025 451
1.99026 453
1.99027 455
1.99029 457
1.99031 460
1.99032 462
1.99033 464
1.99034 466
1.99035 468
1.99037 471
1.9904 473
1.99041 474
1.99042 477
1.99043 479
1.99044 480
1.99045 483
1.99046 485
1.99048 486
1.99049 487
1.9905 488
1.99051 489
1.99052 490
1.99053 492
1.99054 493
1.99055 494
1.99057 496
1.99058 498
1.99059 500
1.9906 502
1.99061 503
1.99062 504
1.99063 505
1.99065 506
1.99066 507
1.99067 508
1.99068 510
1.99069 511
1.9907 512
1.99071 513
1.99073 514
1.99074 515
1.99076 518
1.99077 519
1.99078 520
1.9908 522
1.99082 523
1.99083 525
1.99084 526
1.99085 527
1.99086 528
1.99087 529
1.9909 531
1.99091 532
1.99092 534
1.99093 535
1.99094 536
1.99095 537
1.99098 539
1.99099 540
1.991 541
1.99101 542
1.99102 544
1.99104 546
1.99105 547
1.99107 548
1.99108 549
1.99109 550
1.9911 551
1.99111 552
1.99112 553
1.99113 554
1.99115 555
1.99116 556
1.99117 557
1.99118 558
1.99119 559
1.9912 560
1.99121 562
1.99123 563
1.99124 564
1.99125 565
1.99128 568
1.99129 569
1.9913 570
1.99132 572
1.99133 573
1.99134 575
1.99137 578
1.99138 580
1.9914 581
1.99141 582
1.99142 583
1.99143 586
1.99144 587
1.99145 588
1.99146 591
1.99148 592
1.99149 593
1.9915 594
1.99151 595
1.99152 596
1.99153 600
1.99154 601
1.99157 604
1.99158 605
1.99159 606
1.9916 607
1.99161 608
1.99162 609
1.99163 610
1.99165 611
1.99166 613
1.99167 614
1.99168 615
1.99169 616
1.9917 617
1.99171 618
1.99173 621
1.99174 622
1.99175 623
1.99177 628
1.99178 629
1.99179 630
1.9918 631
1.99182 632
1.99183 633
1.99185 635
1.99186 636
1.99187 637
1.99188 638
1.9919 639
1.99191 640
1.99192 641
1.99193 642
1.99194 643
1.99195 644
1.99196 645
1.99197 646
1.99199 648
1.992 651
1.99201 652
1.99202 653
1.99203 654
1.99204 656
1.99205 658
1.99207 659
1.99209 662
1.9921 663
1.99211 664
1.99212 665
1.99213 666
1.99215 667
1.99216 668
1.99217 669
1.99218 670
1.99219 671
1.9922 673
1.99221 674
1.99222 676
1.99224 677
1.99225 678
1.99228 681
1.99229 682
1.9923 683
1.99232 685
1.99234 691
1.99235 692
1.99236 693
1.99237 694
1.99238 697
1.9924 699
1.99241 700
1.99242 701
1.99243 703
1.99244 704
1.99245 705
1.99246 706
1.99247 707
1.99249 708
1.9925 709
1.99251 710
1.99252 711
1.99254 713
1.99255 714
1.99257 715
1.99259 717
1.9926 718
1.99261 719
1.99262 720
1.99263 721
1.99265 722
1.99266 724
1.99267 725
1.99268 726
1.99269 727
1.9927 729
1.99271 730
1.99274 733
1.99275 734
1.99276 735
1.99277 736
1.9928 740
1.99282 741
1.99283 742
1.99284 745
1.99285 746
1.99286 747
1.99287 748
1.9929 750
1.99291 753
1.99292 754
1.99293 756
1.99294 757
1.99295 758
1.99296 759
1.99297 761
1.99299 763
1.993 764
1.99301 765
1.99302 766
1.99303 767
1.99304 768
1.99305 769
1.99307 770
1.99308 771
1.99309 772
1.9931 774
1.99311 775
1.99312 777
1.99313 778
1.99315 780
1.99316 781
1.99318 783
1.99319 784
1.9932 785
1.99321 786
1.99324 789
1.99325 790
1.99326 792
1.99328 794
1.99329 796
1.99332 799
1.99334 801
1.99335 802
1.99336 803
1.99338 806
1.99341 809
1.99342 810
1.99343 811
1.99344 812
1.99345 813
1.99346 814
1.99347 816
1.99349 817
1.99351 820
1.99352 821
1.99353 822
1.99354 823
1.99355 825
1.99357 828
1.99358 829
1.99359 830
1.9936 831
1.99361 832
1.99362 833
1.99363 834
1.99364 835
1.99366 836
1.99367 837
1.99368 838
1.99369 839
1.9937 840
1.99371 841
1.99372 842
1.99374 845
1.99375 846
1.99376 847
1.99377 848
1.99378 849
1.99379 850
1.9938 852
1.99382 853
1.99383 855
1.99385 857
1.99386 858
1.99387 859
1.99388 860
1.99389 861
1.99391 862
1.99393 864
1.99394 865
1.99395 867
1.99396 869
1.99397 871
1.99399 872
1.994 873
1.99401 874
1.99402 875
1.99403 876
1.99404 877
1.99405 879
1.99407 881
1.99408 883
1.99409 885
1.9941 886
1.99411 887
1.99412 888
1.99414 890
1.99416 891
1.99417 892
1.99418 893
1.99419 894
1.9942 895
1.99421 896
1.99422 897
1.99424 898
1.99425 899
1.99426 900
1.99427 901
1.99428 902
1.99429 904
1.9943 905
1.99432 906
1.99433 907
1.99434 908
1.99435 909
1.99436 910
1.99437 911
1.99438 912
1.99439 913
1.99441 914
1.99442 915
1.99444 917
1.99445 918
1.99446 919
1.99449 921
1.9945 922
1.99451 923
1.99453 925
1.99454 926
1.99455 927
1.99457 928
1.99458 929
1.99459 930
1.9946 932
1.99461 933
1.99462 934
1.99463 935
1.99464 936
1.99466 937
1.99468 939
1.99469 940
1.99472 944
1.99474 946
1.99475 948
1.99477 951
1.99478 952
1.99479 953
1.9948 954
1.99481 956
1.99483 958
1.99484 959
1.99486 961
1.99487 962
1.99488 964
1.99489 965
1.99491 967
1.99493 969
1.99495 971
1.99496 972
1.99497 973
1.99499 974
1.995 976
1.99501 977
1.99502 978
1.99503 979
1.99504 980
1.99505 981
1.99506 982
1.99508 983
1.99509 984
1.9951 985
1.99511 986
1.99512 989
1.99513 990
1.99514 991
1.99516 993
1.99517 994
1.99518 995
1.99519 996
1.9952 997
1.99521 998
1.99522 999
1.99524 1001
1.99525 1002
1.99528 1007
1.99533 1012
1.99534 1013
1.99535 1014
1.99536 1015
1.99537 1017
1.99538 1018
1.99539 1019
1.99541 1020
1.99542 1022
1.99543 1023
1.99544 1024
1.99545 1026
1.99546 1027
1.99547 1028
1.99549 1029
1.9955 1030
1.99551 1031
1.99552 1032
1.99553 1033
1.99554 1034
1.99555 1035
1.99556 1036
1.99559 1038
1.9956 1039
1.99563 1043
1.99564 1044
1.99566 1046
1.99567 1047
1.99568 1050
1.99569 1051
1.9957 1052
1.99571 1053
1.99572 1054
1.99574 1055
1.99575 1056
1.99576 1057
1.99577 1058
1.99578 1059
1.9958 1062
1.99581 1063
1.99583 1064
1.99584 1065
1.99585 1068
1.99588 1073
1.99589 1074
1.99592 1077
1.99593 1079
1.99595 1081
1.99596 1082
1.99597 1083
1.99599 1084
1.996 1085
1.99601 1086
1.99602 1087
1.99603 1089
1.99604 1091
1.99605 1092
1.99606 1093
1.99608 1094
1.99609 1095
1.9961 1096
1.99611 1097
1.99612 1098
1.99613 1099
1.99614 1100
1.99616 1101
1.99618 1105
1.99619 1108
1.9962 1109
1.99621 1110
1.99622 1111
1.99623 1112
1.99625 1113
1.99626 1114
1.99627 1115
1.99628 1116
1.99629 1117
1.9963 1118
1.99631 1119
1.99633 1120
1.99635 1122
1.99636 1123
1.99637 1124
1.99638 1125
1.99639 1128
1.99641 1129
1.99642 1130
1.99643 1131
1.99644 1133
1.99645 1134
1.99646 1135
1.99648 1139
1.99914 1
1.99916 2
1.99917 10
1.99918 18
1.99919 19
1.9992 24
1.99921 34
1.99922 40
1.99924 43
1.99925 49
1.99926 50
1.99927 52
1.99928 59
1.99929 65
1.9993 66
1.99931 72
1.99933 77
1.99934 80
1.99935 88
1.99936 89
1.99938 93
1.99939 97
1.99941 98
1.99943 107
1.99944 108
1.99945 109
1.99946 110
1.99947 113
1.99948 114
1.9995 115
1.99951 116
1.99952 117
1.99953 122
1.99954 124
1.99955 127
1.99956 129
1.99958 133
1.99959 142
1.9996 144
1.99961 145
1.99962 149
1.99963 164
1.99964 174
1.99966 175
1.99967 178
1.99968 187
1.99969 188
1.9997 191
1.99972 204
1.99973 208
1.99975 209
1.99976 211
1.99978 213
1.99979 217
1.9998 219
1.99981 220
1.99983 221
1.99984 223
1.99985 224
1.99987 227
1.99988 232
1.99989 233
1.99991 236
1.99992 239
1.99993 241
1.99994 242
1.99995 245
1.99996 248
1.99997 251
1.99998 254
2 256
